;W1_choke;W1_gas_0;W1_gas_1;W1_gas_10;W1_gas_100;W1_gas_101;W1_gas_102;W1_gas_103;W1_gas_104;W1_gas_105;W1_gas_106;W1_gas_107;W1_gas_108;W1_gas_109;W1_gas_11;W1_gas_110;W1_gas_111;W1_gas_112;W1_gas_113;W1_gas_114;W1_gas_115;W1_gas_116;W1_gas_117;W1_gas_118;W1_gas_119;W1_gas_12;W1_gas_120;W1_gas_121;W1_gas_122;W1_gas_123;W1_gas_124;W1_gas_125;W1_gas_126;W1_gas_127;W1_gas_128;W1_gas_129;W1_gas_13;W1_gas_130;W1_gas_131;W1_gas_132;W1_gas_133;W1_gas_134;W1_gas_135;W1_gas_136;W1_gas_137;W1_gas_138;W1_gas_139;W1_gas_14;W1_gas_140;W1_gas_141;W1_gas_142;W1_gas_143;W1_gas_144;W1_gas_145;W1_gas_146;W1_gas_147;W1_gas_148;W1_gas_149;W1_gas_15;W1_gas_150;W1_gas_151;W1_gas_152;W1_gas_153;W1_gas_154;W1_gas_155;W1_gas_156;W1_gas_157;W1_gas_158;W1_gas_159;W1_gas_16;W1_gas_160;W1_gas_161;W1_gas_162;W1_gas_163;W1_gas_164;W1_gas_165;W1_gas_166;W1_gas_167;W1_gas_168;W1_gas_169;W1_gas_17;W1_gas_170;W1_gas_171;W1_gas_172;W1_gas_173;W1_gas_174;W1_gas_175;W1_gas_176;W1_gas_177;W1_gas_178;W1_gas_179;W1_gas_18;W1_gas_180;W1_gas_181;W1_gas_182;W1_gas_183;W1_gas_184;W1_gas_185;W1_gas_186;W1_gas_187;W1_gas_188;W1_gas_189;W1_gas_19;W1_gas_190;W1_gas_191;W1_gas_192;W1_gas_193;W1_gas_194;W1_gas_195;W1_gas_196;W1_gas_197;W1_gas_198;W1_gas_199;W1_gas_2;W1_gas_20;W1_gas_200;W1_gas_201;W1_gas_202;W1_gas_203;W1_gas_204;W1_gas_205;W1_gas_206;W1_gas_207;W1_gas_208;W1_gas_209;W1_gas_21;W1_gas_210;W1_gas_211;W1_gas_212;W1_gas_213;W1_gas_214;W1_gas_215;W1_gas_216;W1_gas_217;W1_gas_218;W1_gas_219;W1_gas_22;W1_gas_220;W1_gas_221;W1_gas_222;W1_gas_223;W1_gas_224;W1_gas_225;W1_gas_226;W1_gas_227;W1_gas_228;W1_gas_229;W1_gas_23;W1_gas_230;W1_gas_231;W1_gas_232;W1_gas_233;W1_gas_234;W1_gas_235;W1_gas_236;W1_gas_237;W1_gas_238;W1_gas_239;W1_gas_24;W1_gas_240;W1_gas_241;W1_gas_242;W1_gas_243;W1_gas_244;W1_gas_245;W1_gas_246;W1_gas_247;W1_gas_248;W1_gas_249;W1_gas_25;W1_gas_250;W1_gas_251;W1_gas_252;W1_gas_253;W1_gas_254;W1_gas_255;W1_gas_256;W1_gas_257;W1_gas_258;W1_gas_259;W1_gas_26;W1_gas_260;W1_gas_261;W1_gas_262;W1_gas_263;W1_gas_264;W1_gas_265;W1_gas_266;W1_gas_267;W1_gas_268;W1_gas_269;W1_gas_27;W1_gas_270;W1_gas_271;W1_gas_272;W1_gas_273;W1_gas_274;W1_gas_275;W1_gas_276;W1_gas_277;W1_gas_278;W1_gas_279;W1_gas_28;W1_gas_280;W1_gas_281;W1_gas_282;W1_gas_283;W1_gas_284;W1_gas_285;W1_gas_286;W1_gas_287;W1_gas_288;W1_gas_289;W1_gas_29;W1_gas_290;W1_gas_291;W1_gas_292;W1_gas_293;W1_gas_294;W1_gas_295;W1_gas_296;W1_gas_297;W1_gas_298;W1_gas_299;W1_gas_3;W1_gas_30;W1_gas_300;W1_gas_301;W1_gas_302;W1_gas_303;W1_gas_304;W1_gas_305;W1_gas_306;W1_gas_307;W1_gas_308;W1_gas_309;W1_gas_31;W1_gas_310;W1_gas_311;W1_gas_312;W1_gas_313;W1_gas_314;W1_gas_315;W1_gas_316;W1_gas_317;W1_gas_318;W1_gas_319;W1_gas_32;W1_gas_320;W1_gas_321;W1_gas_322;W1_gas_323;W1_gas_324;W1_gas_325;W1_gas_326;W1_gas_327;W1_gas_328;W1_gas_329;W1_gas_33;W1_gas_330;W1_gas_331;W1_gas_332;W1_gas_333;W1_gas_334;W1_gas_335;W1_gas_336;W1_gas_337;W1_gas_338;W1_gas_339;W1_gas_34;W1_gas_340;W1_gas_341;W1_gas_342;W1_gas_343;W1_gas_344;W1_gas_345;W1_gas_346;W1_gas_347;W1_gas_348;W1_gas_349;W1_gas_35;W1_gas_350;W1_gas_351;W1_gas_352;W1_gas_353;W1_gas_354;W1_gas_355;W1_gas_356;W1_gas_357;W1_gas_358;W1_gas_359;W1_gas_36;W1_gas_360;W1_gas_361;W1_gas_362;W1_gas_363;W1_gas_364;W1_gas_365;W1_gas_366;W1_gas_367;W1_gas_368;W1_gas_369;W1_gas_37;W1_gas_370;W1_gas_371;W1_gas_372;W1_gas_373;W1_gas_374;W1_gas_375;W1_gas_376;W1_gas_377;W1_gas_378;W1_gas_379;W1_gas_38;W1_gas_380;W1_gas_381;W1_gas_382;W1_gas_383;W1_gas_384;W1_gas_385;W1_gas_386;W1_gas_387;W1_gas_388;W1_gas_389;W1_gas_39;W1_gas_390;W1_gas_391;W1_gas_392;W1_gas_393;W1_gas_394;W1_gas_395;W1_gas_396;W1_gas_397;W1_gas_398;W1_gas_399;W1_gas_4;W1_gas_40;W1_gas_400;W1_gas_401;W1_gas_402;W1_gas_403;W1_gas_404;W1_gas_405;W1_gas_406;W1_gas_407;W1_gas_408;W1_gas_409;W1_gas_41;W1_gas_410;W1_gas_411;W1_gas_412;W1_gas_413;W1_gas_414;W1_gas_415;W1_gas_416;W1_gas_417;W1_gas_418;W1_gas_419;W1_gas_42;W1_gas_420;W1_gas_421;W1_gas_422;W1_gas_423;W1_gas_424;W1_gas_425;W1_gas_426;W1_gas_427;W1_gas_428;W1_gas_429;W1_gas_43;W1_gas_430;W1_gas_431;W1_gas_432;W1_gas_433;W1_gas_434;W1_gas_435;W1_gas_436;W1_gas_437;W1_gas_438;W1_gas_439;W1_gas_44;W1_gas_440;W1_gas_441;W1_gas_442;W1_gas_443;W1_gas_444;W1_gas_445;W1_gas_446;W1_gas_447;W1_gas_448;W1_gas_449;W1_gas_45;W1_gas_450;W1_gas_451;W1_gas_452;W1_gas_453;W1_gas_454;W1_gas_455;W1_gas_456;W1_gas_457;W1_gas_458;W1_gas_459;W1_gas_46;W1_gas_460;W1_gas_461;W1_gas_462;W1_gas_463;W1_gas_464;W1_gas_465;W1_gas_466;W1_gas_467;W1_gas_468;W1_gas_469;W1_gas_47;W1_gas_470;W1_gas_471;W1_gas_472;W1_gas_473;W1_gas_474;W1_gas_475;W1_gas_476;W1_gas_477;W1_gas_478;W1_gas_479;W1_gas_48;W1_gas_480;W1_gas_481;W1_gas_482;W1_gas_483;W1_gas_484;W1_gas_485;W1_gas_486;W1_gas_487;W1_gas_488;W1_gas_489;W1_gas_49;W1_gas_490;W1_gas_491;W1_gas_492;W1_gas_493;W1_gas_494;W1_gas_495;W1_gas_496;W1_gas_497;W1_gas_498;W1_gas_499;W1_gas_5;W1_gas_50;W1_gas_51;W1_gas_52;W1_gas_53;W1_gas_54;W1_gas_55;W1_gas_56;W1_gas_57;W1_gas_58;W1_gas_59;W1_gas_6;W1_gas_60;W1_gas_61;W1_gas_62;W1_gas_63;W1_gas_64;W1_gas_65;W1_gas_66;W1_gas_67;W1_gas_68;W1_gas_69;W1_gas_7;W1_gas_70;W1_gas_71;W1_gas_72;W1_gas_73;W1_gas_74;W1_gas_75;W1_gas_76;W1_gas_77;W1_gas_78;W1_gas_79;W1_gas_8;W1_gas_80;W1_gas_81;W1_gas_82;W1_gas_83;W1_gas_84;W1_gas_85;W1_gas_86;W1_gas_87;W1_gas_88;W1_gas_89;W1_gas_9;W1_gas_90;W1_gas_91;W1_gas_92;W1_gas_93;W1_gas_94;W1_gas_95;W1_gas_96;W1_gas_97;W1_gas_98;W1_gas_99;W2_gas_0;W2_gas_1;W2_gas_2;W2_gas_3;W2_gas_4;W2_gas_5;W2_gas_6;W2_gas_7;W2_gas_8;W2_gas_9;W2_gas_10;W2_gas_11;W2_gas_12;W2_gas_13;W2_gas_14;W2_gas_15;W2_gas_16;W2_gas_17;W2_gas_18;W2_gas_19;W2_gas_20;W2_gas_21;W2_gas_22;W2_gas_23;W2_gas_24;W2_gas_25;W2_gas_26;W2_gas_27;W2_gas_28;W2_gas_29;W2_gas_30;W2_gas_31;W2_gas_32;W2_gas_33;W2_gas_34;W2_gas_35;W2_gas_36;W2_gas_37;W2_gas_38;W2_gas_39;W2_gas_40;W2_gas_41;W2_gas_42;W2_gas_43;W2_gas_44;W2_gas_45;W2_gas_46;W2_gas_47;W2_gas_48;W2_gas_49;W2_gas_50;W2_gas_51;W2_gas_52;W2_gas_53;W2_gas_54;W2_gas_55;W2_gas_56;W2_gas_57;W2_gas_58;W2_gas_59;W2_gas_60;W2_gas_61;W2_gas_62;W2_gas_63;W2_gas_64;W2_gas_65;W2_gas_66;W2_gas_67;W2_gas_68;W2_gas_69;W2_gas_70;W2_gas_71;W2_gas_72;W2_gas_73;W2_gas_74;W2_gas_75;W2_gas_76;W2_gas_77;W2_gas_78;W2_gas_79;W2_gas_80;W2_gas_81;W2_gas_82;W2_gas_83;W2_gas_84;W2_gas_85;W2_gas_86;W2_gas_87;W2_gas_88;W2_gas_89;W2_gas_90;W2_gas_91;W2_gas_92;W2_gas_93;W2_gas_94;W2_gas_95;W2_gas_96;W2_gas_97;W2_gas_98;W2_gas_99;W2_gas_100;W2_gas_101;W2_gas_102;W2_gas_103;W2_gas_104;W2_gas_105;W2_gas_106;W2_gas_107;W2_gas_108;W2_gas_109;W2_gas_110;W2_gas_111;W2_gas_112;W2_gas_113;W2_gas_114;W2_gas_115;W2_gas_116;W2_gas_117;W2_gas_118;W2_gas_119;W2_gas_120;W2_gas_121;W2_gas_122;W2_gas_123;W2_gas_124;W2_gas_125;W2_gas_126;W2_gas_127;W2_gas_128;W2_gas_129;W2_gas_130;W2_gas_131;W2_gas_132;W2_gas_133;W2_gas_134;W2_gas_135;W2_gas_136;W2_gas_137;W2_gas_138;W2_gas_139;W2_gas_140;W2_gas_141;W2_gas_142;W2_gas_143;W2_gas_144;W2_gas_145;W2_gas_146;W2_gas_147;W2_gas_148;W2_gas_149;W2_gas_150;W2_gas_151;W2_gas_152;W2_gas_153;W2_gas_154;W2_gas_155;W2_gas_156;W2_gas_157;W2_gas_158;W2_gas_159;W2_gas_160;W2_gas_161;W2_gas_162;W2_gas_163;W2_gas_164;W2_gas_165;W2_gas_166;W2_gas_167;W2_gas_168;W2_gas_169;W2_gas_170;W2_gas_171;W2_gas_172;W2_gas_173;W2_gas_174;W2_gas_175;W2_gas_176;W2_gas_177;W2_gas_178;W2_gas_179;W2_gas_180;W2_gas_181;W2_gas_182;W2_gas_183;W2_gas_184;W2_gas_185;W2_gas_186;W2_gas_187;W2_gas_188;W2_gas_189;W2_gas_190;W2_gas_191;W2_gas_192;W2_gas_193;W2_gas_194;W2_gas_195;W2_gas_196;W2_gas_197;W2_gas_198;W2_gas_199;W2_gas_200;W2_gas_201;W2_gas_202;W2_gas_203;W2_gas_204;W2_gas_205;W2_gas_206;W2_gas_207;W2_gas_208;W2_gas_209;W2_gas_210;W2_gas_211;W2_gas_212;W2_gas_213;W2_gas_214;W2_gas_215;W2_gas_216;W2_gas_217;W2_gas_218;W2_gas_219;W2_gas_220;W2_gas_221;W2_gas_222;W2_gas_223;W2_gas_224;W2_gas_225;W2_gas_226;W2_gas_227;W2_gas_228;W2_gas_229;W2_gas_230;W2_gas_231;W2_gas_232;W2_gas_233;W2_gas_234;W2_gas_235;W2_gas_236;W2_gas_237;W2_gas_238;W2_gas_239;W2_gas_240;W2_gas_241;W2_gas_242;W2_gas_243;W2_gas_244;W2_gas_245;W2_gas_246;W2_gas_247;W2_gas_248;W2_gas_249;W2_gas_250;W2_gas_251;W2_gas_252;W2_gas_253;W2_gas_254;W2_gas_255;W2_gas_256;W2_gas_257;W2_gas_258;W2_gas_259;W2_gas_260;W2_gas_261;W2_gas_262;W2_gas_263;W2_gas_264;W2_gas_265;W2_gas_266;W2_gas_267;W2_gas_268;W2_gas_269;W2_gas_270;W2_gas_271;W2_gas_272;W2_gas_273;W2_gas_274;W2_gas_275;W2_gas_276;W2_gas_277;W2_gas_278;W2_gas_279;W2_gas_280;W2_gas_281;W2_gas_282;W2_gas_283;W2_gas_284;W2_gas_285;W2_gas_286;W2_gas_287;W2_gas_288;W2_gas_289;W2_gas_290;W2_gas_291;W2_gas_292;W2_gas_293;W2_gas_294;W2_gas_295;W2_gas_296;W2_gas_297;W2_gas_298;W2_gas_299;W2_gas_300;W2_gas_301;W2_gas_302;W2_gas_303;W2_gas_304;W2_gas_305;W2_gas_306;W2_gas_307;W2_gas_308;W2_gas_309;W2_gas_310;W2_gas_311;W2_gas_312;W2_gas_313;W2_gas_314;W2_gas_315;W2_gas_316;W2_gas_317;W2_gas_318;W2_gas_319;W2_gas_320;W2_gas_321;W2_gas_322;W2_gas_323;W2_gas_324;W2_gas_325;W2_gas_326;W2_gas_327;W2_gas_328;W2_gas_329;W2_gas_330;W2_gas_331;W2_gas_332;W2_gas_333;W2_gas_334;W2_gas_335;W2_gas_336;W2_gas_337;W2_gas_338;W2_gas_339;W2_gas_340;W2_gas_341;W2_gas_342;W2_gas_343;W2_gas_344;W2_gas_345;W2_gas_346;W2_gas_347;W2_gas_348;W2_gas_349;W2_gas_350;W2_gas_351;W2_gas_352;W2_gas_353;W2_gas_354;W2_gas_355;W2_gas_356;W2_gas_357;W2_gas_358;W2_gas_359;W2_gas_360;W2_gas_361;W2_gas_362;W2_gas_363;W2_gas_364;W2_gas_365;W2_gas_366;W2_gas_367;W2_gas_368;W2_gas_369;W2_gas_370;W2_gas_371;W2_gas_372;W2_gas_373;W2_gas_374;W2_gas_375;W2_gas_376;W2_gas_377;W2_gas_378;W2_gas_379;W2_gas_380;W2_gas_381;W2_gas_382;W2_gas_383;W2_gas_384;W2_gas_385;W2_gas_386;W2_gas_387;W2_gas_388;W2_gas_389;W2_gas_390;W2_gas_391;W2_gas_392;W2_gas_393;W2_gas_394;W2_gas_395;W2_gas_396;W2_gas_397;W2_gas_398;W2_gas_399;W2_gas_400;W2_gas_401;W2_gas_402;W2_gas_403;W2_gas_404;W2_gas_405;W2_gas_406;W2_gas_407;W2_gas_408;W2_gas_409;W2_gas_410;W2_gas_411;W2_gas_412;W2_gas_413;W2_gas_414;W2_gas_415;W2_gas_416;W2_gas_417;W2_gas_418;W2_gas_419;W2_gas_420;W2_gas_421;W2_gas_422;W2_gas_423;W2_gas_424;W2_gas_425;W2_gas_426;W2_gas_427;W2_gas_428;W2_gas_429;W2_gas_430;W2_gas_431;W2_gas_432;W2_gas_433;W2_gas_434;W2_gas_435;W2_gas_436;W2_gas_437;W2_gas_438;W2_gas_439;W2_gas_440;W2_gas_441;W2_gas_442;W2_gas_443;W2_gas_444;W2_gas_445;W2_gas_446;W2_gas_447;W2_gas_448;W2_gas_449;W2_gas_450;W2_gas_451;W2_gas_452;W2_gas_453;W2_gas_454;W2_gas_455;W2_gas_456;W2_gas_457;W2_gas_458;W2_gas_459;W2_gas_460;W2_gas_461;W2_gas_462;W2_gas_463;W2_gas_464;W2_gas_465;W2_gas_466;W2_gas_467;W2_gas_468;W2_gas_469;W2_gas_470;W2_gas_471;W2_gas_472;W2_gas_473;W2_gas_474;W2_gas_475;W2_gas_476;W2_gas_477;W2_gas_478;W2_gas_479;W2_gas_480;W2_gas_481;W2_gas_482;W2_gas_483;W2_gas_484;W2_gas_485;W2_gas_486;W2_gas_487;W2_gas_488;W2_gas_489;W2_gas_490;W2_gas_491;W2_gas_492;W2_gas_493;W2_gas_494;W2_gas_495;W2_gas_496;W2_gas_497;W2_gas_498;W2_gas_499;W2_choke;W3_gas_0;W3_gas_1;W3_gas_2;W3_gas_3;W3_gas_4;W3_gas_5;W3_gas_6;W3_gas_7;W3_gas_8;W3_gas_9;W3_gas_10;W3_gas_11;W3_gas_12;W3_gas_13;W3_gas_14;W3_gas_15;W3_gas_16;W3_gas_17;W3_gas_18;W3_gas_19;W3_gas_20;W3_gas_21;W3_gas_22;W3_gas_23;W3_gas_24;W3_gas_25;W3_gas_26;W3_gas_27;W3_gas_28;W3_gas_29;W3_gas_30;W3_gas_31;W3_gas_32;W3_gas_33;W3_gas_34;W3_gas_35;W3_gas_36;W3_gas_37;W3_gas_38;W3_gas_39;W3_gas_40;W3_gas_41;W3_gas_42;W3_gas_43;W3_gas_44;W3_gas_45;W3_gas_46;W3_gas_47;W3_gas_48;W3_gas_49;W3_gas_50;W3_gas_51;W3_gas_52;W3_gas_53;W3_gas_54;W3_gas_55;W3_gas_56;W3_gas_57;W3_gas_58;W3_gas_59;W3_gas_60;W3_gas_61;W3_gas_62;W3_gas_63;W3_gas_64;W3_gas_65;W3_gas_66;W3_gas_67;W3_gas_68;W3_gas_69;W3_gas_70;W3_gas_71;W3_gas_72;W3_gas_73;W3_gas_74;W3_gas_75;W3_gas_76;W3_gas_77;W3_gas_78;W3_gas_79;W3_gas_80;W3_gas_81;W3_gas_82;W3_gas_83;W3_gas_84;W3_gas_85;W3_gas_86;W3_gas_87;W3_gas_88;W3_gas_89;W3_gas_90;W3_gas_91;W3_gas_92;W3_gas_93;W3_gas_94;W3_gas_95;W3_gas_96;W3_gas_97;W3_gas_98;W3_gas_99;W3_gas_100;W3_gas_101;W3_gas_102;W3_gas_103;W3_gas_104;W3_gas_105;W3_gas_106;W3_gas_107;W3_gas_108;W3_gas_109;W3_gas_110;W3_gas_111;W3_gas_112;W3_gas_113;W3_gas_114;W3_gas_115;W3_gas_116;W3_gas_117;W3_gas_118;W3_gas_119;W3_gas_120;W3_gas_121;W3_gas_122;W3_gas_123;W3_gas_124;W3_gas_125;W3_gas_126;W3_gas_127;W3_gas_128;W3_gas_129;W3_gas_130;W3_gas_131;W3_gas_132;W3_gas_133;W3_gas_134;W3_gas_135;W3_gas_136;W3_gas_137;W3_gas_138;W3_gas_139;W3_gas_140;W3_gas_141;W3_gas_142;W3_gas_143;W3_gas_144;W3_gas_145;W3_gas_146;W3_gas_147;W3_gas_148;W3_gas_149;W3_gas_150;W3_gas_151;W3_gas_152;W3_gas_153;W3_gas_154;W3_gas_155;W3_gas_156;W3_gas_157;W3_gas_158;W3_gas_159;W3_gas_160;W3_gas_161;W3_gas_162;W3_gas_163;W3_gas_164;W3_gas_165;W3_gas_166;W3_gas_167;W3_gas_168;W3_gas_169;W3_gas_170;W3_gas_171;W3_gas_172;W3_gas_173;W3_gas_174;W3_gas_175;W3_gas_176;W3_gas_177;W3_gas_178;W3_gas_179;W3_gas_180;W3_gas_181;W3_gas_182;W3_gas_183;W3_gas_184;W3_gas_185;W3_gas_186;W3_gas_187;W3_gas_188;W3_gas_189;W3_gas_190;W3_gas_191;W3_gas_192;W3_gas_193;W3_gas_194;W3_gas_195;W3_gas_196;W3_gas_197;W3_gas_198;W3_gas_199;W3_gas_200;W3_gas_201;W3_gas_202;W3_gas_203;W3_gas_204;W3_gas_205;W3_gas_206;W3_gas_207;W3_gas_208;W3_gas_209;W3_gas_210;W3_gas_211;W3_gas_212;W3_gas_213;W3_gas_214;W3_gas_215;W3_gas_216;W3_gas_217;W3_gas_218;W3_gas_219;W3_gas_220;W3_gas_221;W3_gas_222;W3_gas_223;W3_gas_224;W3_gas_225;W3_gas_226;W3_gas_227;W3_gas_228;W3_gas_229;W3_gas_230;W3_gas_231;W3_gas_232;W3_gas_233;W3_gas_234;W3_gas_235;W3_gas_236;W3_gas_237;W3_gas_238;W3_gas_239;W3_gas_240;W3_gas_241;W3_gas_242;W3_gas_243;W3_gas_244;W3_gas_245;W3_gas_246;W3_gas_247;W3_gas_248;W3_gas_249;W3_gas_250;W3_gas_251;W3_gas_252;W3_gas_253;W3_gas_254;W3_gas_255;W3_gas_256;W3_gas_257;W3_gas_258;W3_gas_259;W3_gas_260;W3_gas_261;W3_gas_262;W3_gas_263;W3_gas_264;W3_gas_265;W3_gas_266;W3_gas_267;W3_gas_268;W3_gas_269;W3_gas_270;W3_gas_271;W3_gas_272;W3_gas_273;W3_gas_274;W3_gas_275;W3_gas_276;W3_gas_277;W3_gas_278;W3_gas_279;W3_gas_280;W3_gas_281;W3_gas_282;W3_gas_283;W3_gas_284;W3_gas_285;W3_gas_286;W3_gas_287;W3_gas_288;W3_gas_289;W3_gas_290;W3_gas_291;W3_gas_292;W3_gas_293;W3_gas_294;W3_gas_295;W3_gas_296;W3_gas_297;W3_gas_298;W3_gas_299;W3_gas_300;W3_gas_301;W3_gas_302;W3_gas_303;W3_gas_304;W3_gas_305;W3_gas_306;W3_gas_307;W3_gas_308;W3_gas_309;W3_gas_310;W3_gas_311;W3_gas_312;W3_gas_313;W3_gas_314;W3_gas_315;W3_gas_316;W3_gas_317;W3_gas_318;W3_gas_319;W3_gas_320;W3_gas_321;W3_gas_322;W3_gas_323;W3_gas_324;W3_gas_325;W3_gas_326;W3_gas_327;W3_gas_328;W3_gas_329;W3_gas_330;W3_gas_331;W3_gas_332;W3_gas_333;W3_gas_334;W3_gas_335;W3_gas_336;W3_gas_337;W3_gas_338;W3_gas_339;W3_gas_340;W3_gas_341;W3_gas_342;W3_gas_343;W3_gas_344;W3_gas_345;W3_gas_346;W3_gas_347;W3_gas_348;W3_gas_349;W3_gas_350;W3_gas_351;W3_gas_352;W3_gas_353;W3_gas_354;W3_gas_355;W3_gas_356;W3_gas_357;W3_gas_358;W3_gas_359;W3_gas_360;W3_gas_361;W3_gas_362;W3_gas_363;W3_gas_364;W3_gas_365;W3_gas_366;W3_gas_367;W3_gas_368;W3_gas_369;W3_gas_370;W3_gas_371;W3_gas_372;W3_gas_373;W3_gas_374;W3_gas_375;W3_gas_376;W3_gas_377;W3_gas_378;W3_gas_379;W3_gas_380;W3_gas_381;W3_gas_382;W3_gas_383;W3_gas_384;W3_gas_385;W3_gas_386;W3_gas_387;W3_gas_388;W3_gas_389;W3_gas_390;W3_gas_391;W3_gas_392;W3_gas_393;W3_gas_394;W3_gas_395;W3_gas_396;W3_gas_397;W3_gas_398;W3_gas_399;W3_gas_400;W3_gas_401;W3_gas_402;W3_gas_403;W3_gas_404;W3_gas_405;W3_gas_406;W3_gas_407;W3_gas_408;W3_gas_409;W3_gas_410;W3_gas_411;W3_gas_412;W3_gas_413;W3_gas_414;W3_gas_415;W3_gas_416;W3_gas_417;W3_gas_418;W3_gas_419;W3_gas_420;W3_gas_421;W3_gas_422;W3_gas_423;W3_gas_424;W3_gas_425;W3_gas_426;W3_gas_427;W3_gas_428;W3_gas_429;W3_gas_430;W3_gas_431;W3_gas_432;W3_gas_433;W3_gas_434;W3_gas_435;W3_gas_436;W3_gas_437;W3_gas_438;W3_gas_439;W3_gas_440;W3_gas_441;W3_gas_442;W3_gas_443;W3_gas_444;W3_gas_445;W3_gas_446;W3_gas_447;W3_gas_448;W3_gas_449;W3_gas_450;W3_gas_451;W3_gas_452;W3_gas_453;W3_gas_454;W3_gas_455;W3_gas_456;W3_gas_457;W3_gas_458;W3_gas_459;W3_gas_460;W3_gas_461;W3_gas_462;W3_gas_463;W3_gas_464;W3_gas_465;W3_gas_466;W3_gas_467;W3_gas_468;W3_gas_469;W3_gas_470;W3_gas_471;W3_gas_472;W3_gas_473;W3_gas_474;W3_gas_475;W3_gas_476;W3_gas_477;W3_gas_478;W3_gas_479;W3_gas_480;W3_gas_481;W3_gas_482;W3_gas_483;W3_gas_484;W3_gas_485;W3_gas_486;W3_gas_487;W3_gas_488;W3_gas_489;W3_gas_490;W3_gas_491;W3_gas_492;W3_gas_493;W3_gas_494;W3_gas_495;W3_gas_496;W3_gas_497;W3_gas_498;W3_gas_499;W3_choke;W4_gas_0;W4_gas_1;W4_gas_2;W4_gas_3;W4_gas_4;W4_gas_5;W4_gas_6;W4_gas_7;W4_gas_8;W4_gas_9;W4_gas_10;W4_gas_11;W4_gas_12;W4_gas_13;W4_gas_14;W4_gas_15;W4_gas_16;W4_gas_17;W4_gas_18;W4_gas_19;W4_gas_20;W4_gas_21;W4_gas_22;W4_gas_23;W4_gas_24;W4_gas_25;W4_gas_26;W4_gas_27;W4_gas_28;W4_gas_29;W4_gas_30;W4_gas_31;W4_gas_32;W4_gas_33;W4_gas_34;W4_gas_35;W4_gas_36;W4_gas_37;W4_gas_38;W4_gas_39;W4_gas_40;W4_gas_41;W4_gas_42;W4_gas_43;W4_gas_44;W4_gas_45;W4_gas_46;W4_gas_47;W4_gas_48;W4_gas_49;W4_gas_50;W4_gas_51;W4_gas_52;W4_gas_53;W4_gas_54;W4_gas_55;W4_gas_56;W4_gas_57;W4_gas_58;W4_gas_59;W4_gas_60;W4_gas_61;W4_gas_62;W4_gas_63;W4_gas_64;W4_gas_65;W4_gas_66;W4_gas_67;W4_gas_68;W4_gas_69;W4_gas_70;W4_gas_71;W4_gas_72;W4_gas_73;W4_gas_74;W4_gas_75;W4_gas_76;W4_gas_77;W4_gas_78;W4_gas_79;W4_gas_80;W4_gas_81;W4_gas_82;W4_gas_83;W4_gas_84;W4_gas_85;W4_gas_86;W4_gas_87;W4_gas_88;W4_gas_89;W4_gas_90;W4_gas_91;W4_gas_92;W4_gas_93;W4_gas_94;W4_gas_95;W4_gas_96;W4_gas_97;W4_gas_98;W4_gas_99;W4_gas_100;W4_gas_101;W4_gas_102;W4_gas_103;W4_gas_104;W4_gas_105;W4_gas_106;W4_gas_107;W4_gas_108;W4_gas_109;W4_gas_110;W4_gas_111;W4_gas_112;W4_gas_113;W4_gas_114;W4_gas_115;W4_gas_116;W4_gas_117;W4_gas_118;W4_gas_119;W4_gas_120;W4_gas_121;W4_gas_122;W4_gas_123;W4_gas_124;W4_gas_125;W4_gas_126;W4_gas_127;W4_gas_128;W4_gas_129;W4_gas_130;W4_gas_131;W4_gas_132;W4_gas_133;W4_gas_134;W4_gas_135;W4_gas_136;W4_gas_137;W4_gas_138;W4_gas_139;W4_gas_140;W4_gas_141;W4_gas_142;W4_gas_143;W4_gas_144;W4_gas_145;W4_gas_146;W4_gas_147;W4_gas_148;W4_gas_149;W4_gas_150;W4_gas_151;W4_gas_152;W4_gas_153;W4_gas_154;W4_gas_155;W4_gas_156;W4_gas_157;W4_gas_158;W4_gas_159;W4_gas_160;W4_gas_161;W4_gas_162;W4_gas_163;W4_gas_164;W4_gas_165;W4_gas_166;W4_gas_167;W4_gas_168;W4_gas_169;W4_gas_170;W4_gas_171;W4_gas_172;W4_gas_173;W4_gas_174;W4_gas_175;W4_gas_176;W4_gas_177;W4_gas_178;W4_gas_179;W4_gas_180;W4_gas_181;W4_gas_182;W4_gas_183;W4_gas_184;W4_gas_185;W4_gas_186;W4_gas_187;W4_gas_188;W4_gas_189;W4_gas_190;W4_gas_191;W4_gas_192;W4_gas_193;W4_gas_194;W4_gas_195;W4_gas_196;W4_gas_197;W4_gas_198;W4_gas_199;W4_gas_200;W4_gas_201;W4_gas_202;W4_gas_203;W4_gas_204;W4_gas_205;W4_gas_206;W4_gas_207;W4_gas_208;W4_gas_209;W4_gas_210;W4_gas_211;W4_gas_212;W4_gas_213;W4_gas_214;W4_gas_215;W4_gas_216;W4_gas_217;W4_gas_218;W4_gas_219;W4_gas_220;W4_gas_221;W4_gas_222;W4_gas_223;W4_gas_224;W4_gas_225;W4_gas_226;W4_gas_227;W4_gas_228;W4_gas_229;W4_gas_230;W4_gas_231;W4_gas_232;W4_gas_233;W4_gas_234;W4_gas_235;W4_gas_236;W4_gas_237;W4_gas_238;W4_gas_239;W4_gas_240;W4_gas_241;W4_gas_242;W4_gas_243;W4_gas_244;W4_gas_245;W4_gas_246;W4_gas_247;W4_gas_248;W4_gas_249;W4_gas_250;W4_gas_251;W4_gas_252;W4_gas_253;W4_gas_254;W4_gas_255;W4_gas_256;W4_gas_257;W4_gas_258;W4_gas_259;W4_gas_260;W4_gas_261;W4_gas_262;W4_gas_263;W4_gas_264;W4_gas_265;W4_gas_266;W4_gas_267;W4_gas_268;W4_gas_269;W4_gas_270;W4_gas_271;W4_gas_272;W4_gas_273;W4_gas_274;W4_gas_275;W4_gas_276;W4_gas_277;W4_gas_278;W4_gas_279;W4_gas_280;W4_gas_281;W4_gas_282;W4_gas_283;W4_gas_284;W4_gas_285;W4_gas_286;W4_gas_287;W4_gas_288;W4_gas_289;W4_gas_290;W4_gas_291;W4_gas_292;W4_gas_293;W4_gas_294;W4_gas_295;W4_gas_296;W4_gas_297;W4_gas_298;W4_gas_299;W4_gas_300;W4_gas_301;W4_gas_302;W4_gas_303;W4_gas_304;W4_gas_305;W4_gas_306;W4_gas_307;W4_gas_308;W4_gas_309;W4_gas_310;W4_gas_311;W4_gas_312;W4_gas_313;W4_gas_314;W4_gas_315;W4_gas_316;W4_gas_317;W4_gas_318;W4_gas_319;W4_gas_320;W4_gas_321;W4_gas_322;W4_gas_323;W4_gas_324;W4_gas_325;W4_gas_326;W4_gas_327;W4_gas_328;W4_gas_329;W4_gas_330;W4_gas_331;W4_gas_332;W4_gas_333;W4_gas_334;W4_gas_335;W4_gas_336;W4_gas_337;W4_gas_338;W4_gas_339;W4_gas_340;W4_gas_341;W4_gas_342;W4_gas_343;W4_gas_344;W4_gas_345;W4_gas_346;W4_gas_347;W4_gas_348;W4_gas_349;W4_gas_350;W4_gas_351;W4_gas_352;W4_gas_353;W4_gas_354;W4_gas_355;W4_gas_356;W4_gas_357;W4_gas_358;W4_gas_359;W4_gas_360;W4_gas_361;W4_gas_362;W4_gas_363;W4_gas_364;W4_gas_365;W4_gas_366;W4_gas_367;W4_gas_368;W4_gas_369;W4_gas_370;W4_gas_371;W4_gas_372;W4_gas_373;W4_gas_374;W4_gas_375;W4_gas_376;W4_gas_377;W4_gas_378;W4_gas_379;W4_gas_380;W4_gas_381;W4_gas_382;W4_gas_383;W4_gas_384;W4_gas_385;W4_gas_386;W4_gas_387;W4_gas_388;W4_gas_389;W4_gas_390;W4_gas_391;W4_gas_392;W4_gas_393;W4_gas_394;W4_gas_395;W4_gas_396;W4_gas_397;W4_gas_398;W4_gas_399;W4_gas_400;W4_gas_401;W4_gas_402;W4_gas_403;W4_gas_404;W4_gas_405;W4_gas_406;W4_gas_407;W4_gas_408;W4_gas_409;W4_gas_410;W4_gas_411;W4_gas_412;W4_gas_413;W4_gas_414;W4_gas_415;W4_gas_416;W4_gas_417;W4_gas_418;W4_gas_419;W4_gas_420;W4_gas_421;W4_gas_422;W4_gas_423;W4_gas_424;W4_gas_425;W4_gas_426;W4_gas_427;W4_gas_428;W4_gas_429;W4_gas_430;W4_gas_431;W4_gas_432;W4_gas_433;W4_gas_434;W4_gas_435;W4_gas_436;W4_gas_437;W4_gas_438;W4_gas_439;W4_gas_440;W4_gas_441;W4_gas_442;W4_gas_443;W4_gas_444;W4_gas_445;W4_gas_446;W4_gas_447;W4_gas_448;W4_gas_449;W4_gas_450;W4_gas_451;W4_gas_452;W4_gas_453;W4_gas_454;W4_gas_455;W4_gas_456;W4_gas_457;W4_gas_458;W4_gas_459;W4_gas_460;W4_gas_461;W4_gas_462;W4_gas_463;W4_gas_464;W4_gas_465;W4_gas_466;W4_gas_467;W4_gas_468;W4_gas_469;W4_gas_470;W4_gas_471;W4_gas_472;W4_gas_473;W4_gas_474;W4_gas_475;W4_gas_476;W4_gas_477;W4_gas_478;W4_gas_479;W4_gas_480;W4_gas_481;W4_gas_482;W4_gas_483;W4_gas_484;W4_gas_485;W4_gas_486;W4_gas_487;W4_gas_488;W4_gas_489;W4_gas_490;W4_gas_491;W4_gas_492;W4_gas_493;W4_gas_494;W4_gas_495;W4_gas_496;W4_gas_497;W4_gas_498;W4_gas_499;W4_choke;W5_gas_0;W5_gas_1;W5_gas_2;W5_gas_3;W5_gas_4;W5_gas_5;W5_gas_6;W5_gas_7;W5_gas_8;W5_gas_9;W5_gas_10;W5_gas_11;W5_gas_12;W5_gas_13;W5_gas_14;W5_gas_15;W5_gas_16;W5_gas_17;W5_gas_18;W5_gas_19;W5_gas_20;W5_gas_21;W5_gas_22;W5_gas_23;W5_gas_24;W5_gas_25;W5_gas_26;W5_gas_27;W5_gas_28;W5_gas_29;W5_gas_30;W5_gas_31;W5_gas_32;W5_gas_33;W5_gas_34;W5_gas_35;W5_gas_36;W5_gas_37;W5_gas_38;W5_gas_39;W5_gas_40;W5_gas_41;W5_gas_42;W5_gas_43;W5_gas_44;W5_gas_45;W5_gas_46;W5_gas_47;W5_gas_48;W5_gas_49;W5_gas_50;W5_gas_51;W5_gas_52;W5_gas_53;W5_gas_54;W5_gas_55;W5_gas_56;W5_gas_57;W5_gas_58;W5_gas_59;W5_gas_60;W5_gas_61;W5_gas_62;W5_gas_63;W5_gas_64;W5_gas_65;W5_gas_66;W5_gas_67;W5_gas_68;W5_gas_69;W5_gas_70;W5_gas_71;W5_gas_72;W5_gas_73;W5_gas_74;W5_gas_75;W5_gas_76;W5_gas_77;W5_gas_78;W5_gas_79;W5_gas_80;W5_gas_81;W5_gas_82;W5_gas_83;W5_gas_84;W5_gas_85;W5_gas_86;W5_gas_87;W5_gas_88;W5_gas_89;W5_gas_90;W5_gas_91;W5_gas_92;W5_gas_93;W5_gas_94;W5_gas_95;W5_gas_96;W5_gas_97;W5_gas_98;W5_gas_99;W5_gas_100;W5_gas_101;W5_gas_102;W5_gas_103;W5_gas_104;W5_gas_105;W5_gas_106;W5_gas_107;W5_gas_108;W5_gas_109;W5_gas_110;W5_gas_111;W5_gas_112;W5_gas_113;W5_gas_114;W5_gas_115;W5_gas_116;W5_gas_117;W5_gas_118;W5_gas_119;W5_gas_120;W5_gas_121;W5_gas_122;W5_gas_123;W5_gas_124;W5_gas_125;W5_gas_126;W5_gas_127;W5_gas_128;W5_gas_129;W5_gas_130;W5_gas_131;W5_gas_132;W5_gas_133;W5_gas_134;W5_gas_135;W5_gas_136;W5_gas_137;W5_gas_138;W5_gas_139;W5_gas_140;W5_gas_141;W5_gas_142;W5_gas_143;W5_gas_144;W5_gas_145;W5_gas_146;W5_gas_147;W5_gas_148;W5_gas_149;W5_gas_150;W5_gas_151;W5_gas_152;W5_gas_153;W5_gas_154;W5_gas_155;W5_gas_156;W5_gas_157;W5_gas_158;W5_gas_159;W5_gas_160;W5_gas_161;W5_gas_162;W5_gas_163;W5_gas_164;W5_gas_165;W5_gas_166;W5_gas_167;W5_gas_168;W5_gas_169;W5_gas_170;W5_gas_171;W5_gas_172;W5_gas_173;W5_gas_174;W5_gas_175;W5_gas_176;W5_gas_177;W5_gas_178;W5_gas_179;W5_gas_180;W5_gas_181;W5_gas_182;W5_gas_183;W5_gas_184;W5_gas_185;W5_gas_186;W5_gas_187;W5_gas_188;W5_gas_189;W5_gas_190;W5_gas_191;W5_gas_192;W5_gas_193;W5_gas_194;W5_gas_195;W5_gas_196;W5_gas_197;W5_gas_198;W5_gas_199;W5_gas_200;W5_gas_201;W5_gas_202;W5_gas_203;W5_gas_204;W5_gas_205;W5_gas_206;W5_gas_207;W5_gas_208;W5_gas_209;W5_gas_210;W5_gas_211;W5_gas_212;W5_gas_213;W5_gas_214;W5_gas_215;W5_gas_216;W5_gas_217;W5_gas_218;W5_gas_219;W5_gas_220;W5_gas_221;W5_gas_222;W5_gas_223;W5_gas_224;W5_gas_225;W5_gas_226;W5_gas_227;W5_gas_228;W5_gas_229;W5_gas_230;W5_gas_231;W5_gas_232;W5_gas_233;W5_gas_234;W5_gas_235;W5_gas_236;W5_gas_237;W5_gas_238;W5_gas_239;W5_gas_240;W5_gas_241;W5_gas_242;W5_gas_243;W5_gas_244;W5_gas_245;W5_gas_246;W5_gas_247;W5_gas_248;W5_gas_249;W5_gas_250;W5_gas_251;W5_gas_252;W5_gas_253;W5_gas_254;W5_gas_255;W5_gas_256;W5_gas_257;W5_gas_258;W5_gas_259;W5_gas_260;W5_gas_261;W5_gas_262;W5_gas_263;W5_gas_264;W5_gas_265;W5_gas_266;W5_gas_267;W5_gas_268;W5_gas_269;W5_gas_270;W5_gas_271;W5_gas_272;W5_gas_273;W5_gas_274;W5_gas_275;W5_gas_276;W5_gas_277;W5_gas_278;W5_gas_279;W5_gas_280;W5_gas_281;W5_gas_282;W5_gas_283;W5_gas_284;W5_gas_285;W5_gas_286;W5_gas_287;W5_gas_288;W5_gas_289;W5_gas_290;W5_gas_291;W5_gas_292;W5_gas_293;W5_gas_294;W5_gas_295;W5_gas_296;W5_gas_297;W5_gas_298;W5_gas_299;W5_gas_300;W5_gas_301;W5_gas_302;W5_gas_303;W5_gas_304;W5_gas_305;W5_gas_306;W5_gas_307;W5_gas_308;W5_gas_309;W5_gas_310;W5_gas_311;W5_gas_312;W5_gas_313;W5_gas_314;W5_gas_315;W5_gas_316;W5_gas_317;W5_gas_318;W5_gas_319;W5_gas_320;W5_gas_321;W5_gas_322;W5_gas_323;W5_gas_324;W5_gas_325;W5_gas_326;W5_gas_327;W5_gas_328;W5_gas_329;W5_gas_330;W5_gas_331;W5_gas_332;W5_gas_333;W5_gas_334;W5_gas_335;W5_gas_336;W5_gas_337;W5_gas_338;W5_gas_339;W5_gas_340;W5_gas_341;W5_gas_342;W5_gas_343;W5_gas_344;W5_gas_345;W5_gas_346;W5_gas_347;W5_gas_348;W5_gas_349;W5_gas_350;W5_gas_351;W5_gas_352;W5_gas_353;W5_gas_354;W5_gas_355;W5_gas_356;W5_gas_357;W5_gas_358;W5_gas_359;W5_gas_360;W5_gas_361;W5_gas_362;W5_gas_363;W5_gas_364;W5_gas_365;W5_gas_366;W5_gas_367;W5_gas_368;W5_gas_369;W5_gas_370;W5_gas_371;W5_gas_372;W5_gas_373;W5_gas_374;W5_gas_375;W5_gas_376;W5_gas_377;W5_gas_378;W5_gas_379;W5_gas_380;W5_gas_381;W5_gas_382;W5_gas_383;W5_gas_384;W5_gas_385;W5_gas_386;W5_gas_387;W5_gas_388;W5_gas_389;W5_gas_390;W5_gas_391;W5_gas_392;W5_gas_393;W5_gas_394;W5_gas_395;W5_gas_396;W5_gas_397;W5_gas_398;W5_gas_399;W5_gas_400;W5_gas_401;W5_gas_402;W5_gas_403;W5_gas_404;W5_gas_405;W5_gas_406;W5_gas_407;W5_gas_408;W5_gas_409;W5_gas_410;W5_gas_411;W5_gas_412;W5_gas_413;W5_gas_414;W5_gas_415;W5_gas_416;W5_gas_417;W5_gas_418;W5_gas_419;W5_gas_420;W5_gas_421;W5_gas_422;W5_gas_423;W5_gas_424;W5_gas_425;W5_gas_426;W5_gas_427;W5_gas_428;W5_gas_429;W5_gas_430;W5_gas_431;W5_gas_432;W5_gas_433;W5_gas_434;W5_gas_435;W5_gas_436;W5_gas_437;W5_gas_438;W5_gas_439;W5_gas_440;W5_gas_441;W5_gas_442;W5_gas_443;W5_gas_444;W5_gas_445;W5_gas_446;W5_gas_447;W5_gas_448;W5_gas_449;W5_gas_450;W5_gas_451;W5_gas_452;W5_gas_453;W5_gas_454;W5_gas_455;W5_gas_456;W5_gas_457;W5_gas_458;W5_gas_459;W5_gas_460;W5_gas_461;W5_gas_462;W5_gas_463;W5_gas_464;W5_gas_465;W5_gas_466;W5_gas_467;W5_gas_468;W5_gas_469;W5_gas_470;W5_gas_471;W5_gas_472;W5_gas_473;W5_gas_474;W5_gas_475;W5_gas_476;W5_gas_477;W5_gas_478;W5_gas_479;W5_gas_480;W5_gas_481;W5_gas_482;W5_gas_483;W5_gas_484;W5_gas_485;W5_gas_486;W5_gas_487;W5_gas_488;W5_gas_489;W5_gas_490;W5_gas_491;W5_gas_492;W5_gas_493;W5_gas_494;W5_gas_495;W5_gas_496;W5_gas_497;W5_gas_498;W5_gas_499;W5_choke;W6_gas_0;W6_gas_1;W6_gas_2;W6_gas_3;W6_gas_4;W6_gas_5;W6_gas_6;W6_gas_7;W6_gas_8;W6_gas_9;W6_gas_10;W6_gas_11;W6_gas_12;W6_gas_13;W6_gas_14;W6_gas_15;W6_gas_16;W6_gas_17;W6_gas_18;W6_gas_19;W6_gas_20;W6_gas_21;W6_gas_22;W6_gas_23;W6_gas_24;W6_gas_25;W6_gas_26;W6_gas_27;W6_gas_28;W6_gas_29;W6_gas_30;W6_gas_31;W6_gas_32;W6_gas_33;W6_gas_34;W6_gas_35;W6_gas_36;W6_gas_37;W6_gas_38;W6_gas_39;W6_gas_40;W6_gas_41;W6_gas_42;W6_gas_43;W6_gas_44;W6_gas_45;W6_gas_46;W6_gas_47;W6_gas_48;W6_gas_49;W6_gas_50;W6_gas_51;W6_gas_52;W6_gas_53;W6_gas_54;W6_gas_55;W6_gas_56;W6_gas_57;W6_gas_58;W6_gas_59;W6_gas_60;W6_gas_61;W6_gas_62;W6_gas_63;W6_gas_64;W6_gas_65;W6_gas_66;W6_gas_67;W6_gas_68;W6_gas_69;W6_gas_70;W6_gas_71;W6_gas_72;W6_gas_73;W6_gas_74;W6_gas_75;W6_gas_76;W6_gas_77;W6_gas_78;W6_gas_79;W6_gas_80;W6_gas_81;W6_gas_82;W6_gas_83;W6_gas_84;W6_gas_85;W6_gas_86;W6_gas_87;W6_gas_88;W6_gas_89;W6_gas_90;W6_gas_91;W6_gas_92;W6_gas_93;W6_gas_94;W6_gas_95;W6_gas_96;W6_gas_97;W6_gas_98;W6_gas_99;W6_gas_100;W6_gas_101;W6_gas_102;W6_gas_103;W6_gas_104;W6_gas_105;W6_gas_106;W6_gas_107;W6_gas_108;W6_gas_109;W6_gas_110;W6_gas_111;W6_gas_112;W6_gas_113;W6_gas_114;W6_gas_115;W6_gas_116;W6_gas_117;W6_gas_118;W6_gas_119;W6_gas_120;W6_gas_121;W6_gas_122;W6_gas_123;W6_gas_124;W6_gas_125;W6_gas_126;W6_gas_127;W6_gas_128;W6_gas_129;W6_gas_130;W6_gas_131;W6_gas_132;W6_gas_133;W6_gas_134;W6_gas_135;W6_gas_136;W6_gas_137;W6_gas_138;W6_gas_139;W6_gas_140;W6_gas_141;W6_gas_142;W6_gas_143;W6_gas_144;W6_gas_145;W6_gas_146;W6_gas_147;W6_gas_148;W6_gas_149;W6_gas_150;W6_gas_151;W6_gas_152;W6_gas_153;W6_gas_154;W6_gas_155;W6_gas_156;W6_gas_157;W6_gas_158;W6_gas_159;W6_gas_160;W6_gas_161;W6_gas_162;W6_gas_163;W6_gas_164;W6_gas_165;W6_gas_166;W6_gas_167;W6_gas_168;W6_gas_169;W6_gas_170;W6_gas_171;W6_gas_172;W6_gas_173;W6_gas_174;W6_gas_175;W6_gas_176;W6_gas_177;W6_gas_178;W6_gas_179;W6_gas_180;W6_gas_181;W6_gas_182;W6_gas_183;W6_gas_184;W6_gas_185;W6_gas_186;W6_gas_187;W6_gas_188;W6_gas_189;W6_gas_190;W6_gas_191;W6_gas_192;W6_gas_193;W6_gas_194;W6_gas_195;W6_gas_196;W6_gas_197;W6_gas_198;W6_gas_199;W6_gas_200;W6_gas_201;W6_gas_202;W6_gas_203;W6_gas_204;W6_gas_205;W6_gas_206;W6_gas_207;W6_gas_208;W6_gas_209;W6_gas_210;W6_gas_211;W6_gas_212;W6_gas_213;W6_gas_214;W6_gas_215;W6_gas_216;W6_gas_217;W6_gas_218;W6_gas_219;W6_gas_220;W6_gas_221;W6_gas_222;W6_gas_223;W6_gas_224;W6_gas_225;W6_gas_226;W6_gas_227;W6_gas_228;W6_gas_229;W6_gas_230;W6_gas_231;W6_gas_232;W6_gas_233;W6_gas_234;W6_gas_235;W6_gas_236;W6_gas_237;W6_gas_238;W6_gas_239;W6_gas_240;W6_gas_241;W6_gas_242;W6_gas_243;W6_gas_244;W6_gas_245;W6_gas_246;W6_gas_247;W6_gas_248;W6_gas_249;W6_gas_250;W6_gas_251;W6_gas_252;W6_gas_253;W6_gas_254;W6_gas_255;W6_gas_256;W6_gas_257;W6_gas_258;W6_gas_259;W6_gas_260;W6_gas_261;W6_gas_262;W6_gas_263;W6_gas_264;W6_gas_265;W6_gas_266;W6_gas_267;W6_gas_268;W6_gas_269;W6_gas_270;W6_gas_271;W6_gas_272;W6_gas_273;W6_gas_274;W6_gas_275;W6_gas_276;W6_gas_277;W6_gas_278;W6_gas_279;W6_gas_280;W6_gas_281;W6_gas_282;W6_gas_283;W6_gas_284;W6_gas_285;W6_gas_286;W6_gas_287;W6_gas_288;W6_gas_289;W6_gas_290;W6_gas_291;W6_gas_292;W6_gas_293;W6_gas_294;W6_gas_295;W6_gas_296;W6_gas_297;W6_gas_298;W6_gas_299;W6_gas_300;W6_gas_301;W6_gas_302;W6_gas_303;W6_gas_304;W6_gas_305;W6_gas_306;W6_gas_307;W6_gas_308;W6_gas_309;W6_gas_310;W6_gas_311;W6_gas_312;W6_gas_313;W6_gas_314;W6_gas_315;W6_gas_316;W6_gas_317;W6_gas_318;W6_gas_319;W6_gas_320;W6_gas_321;W6_gas_322;W6_gas_323;W6_gas_324;W6_gas_325;W6_gas_326;W6_gas_327;W6_gas_328;W6_gas_329;W6_gas_330;W6_gas_331;W6_gas_332;W6_gas_333;W6_gas_334;W6_gas_335;W6_gas_336;W6_gas_337;W6_gas_338;W6_gas_339;W6_gas_340;W6_gas_341;W6_gas_342;W6_gas_343;W6_gas_344;W6_gas_345;W6_gas_346;W6_gas_347;W6_gas_348;W6_gas_349;W6_gas_350;W6_gas_351;W6_gas_352;W6_gas_353;W6_gas_354;W6_gas_355;W6_gas_356;W6_gas_357;W6_gas_358;W6_gas_359;W6_gas_360;W6_gas_361;W6_gas_362;W6_gas_363;W6_gas_364;W6_gas_365;W6_gas_366;W6_gas_367;W6_gas_368;W6_gas_369;W6_gas_370;W6_gas_371;W6_gas_372;W6_gas_373;W6_gas_374;W6_gas_375;W6_gas_376;W6_gas_377;W6_gas_378;W6_gas_379;W6_gas_380;W6_gas_381;W6_gas_382;W6_gas_383;W6_gas_384;W6_gas_385;W6_gas_386;W6_gas_387;W6_gas_388;W6_gas_389;W6_gas_390;W6_gas_391;W6_gas_392;W6_gas_393;W6_gas_394;W6_gas_395;W6_gas_396;W6_gas_397;W6_gas_398;W6_gas_399;W6_gas_400;W6_gas_401;W6_gas_402;W6_gas_403;W6_gas_404;W6_gas_405;W6_gas_406;W6_gas_407;W6_gas_408;W6_gas_409;W6_gas_410;W6_gas_411;W6_gas_412;W6_gas_413;W6_gas_414;W6_gas_415;W6_gas_416;W6_gas_417;W6_gas_418;W6_gas_419;W6_gas_420;W6_gas_421;W6_gas_422;W6_gas_423;W6_gas_424;W6_gas_425;W6_gas_426;W6_gas_427;W6_gas_428;W6_gas_429;W6_gas_430;W6_gas_431;W6_gas_432;W6_gas_433;W6_gas_434;W6_gas_435;W6_gas_436;W6_gas_437;W6_gas_438;W6_gas_439;W6_gas_440;W6_gas_441;W6_gas_442;W6_gas_443;W6_gas_444;W6_gas_445;W6_gas_446;W6_gas_447;W6_gas_448;W6_gas_449;W6_gas_450;W6_gas_451;W6_gas_452;W6_gas_453;W6_gas_454;W6_gas_455;W6_gas_456;W6_gas_457;W6_gas_458;W6_gas_459;W6_gas_460;W6_gas_461;W6_gas_462;W6_gas_463;W6_gas_464;W6_gas_465;W6_gas_466;W6_gas_467;W6_gas_468;W6_gas_469;W6_gas_470;W6_gas_471;W6_gas_472;W6_gas_473;W6_gas_474;W6_gas_475;W6_gas_476;W6_gas_477;W6_gas_478;W6_gas_479;W6_gas_480;W6_gas_481;W6_gas_482;W6_gas_483;W6_gas_484;W6_gas_485;W6_gas_486;W6_gas_487;W6_gas_488;W6_gas_489;W6_gas_490;W6_gas_491;W6_gas_492;W6_gas_493;W6_gas_494;W6_gas_495;W6_gas_496;W6_gas_497;W6_gas_498;W6_gas_499;W6_choke;W7_gas_0;W7_gas_1;W7_gas_2;W7_gas_3;W7_gas_4;W7_gas_5;W7_gas_6;W7_gas_7;W7_gas_8;W7_gas_9;W7_gas_10;W7_gas_11;W7_gas_12;W7_gas_13;W7_gas_14;W7_gas_15;W7_gas_16;W7_gas_17;W7_gas_18;W7_gas_19;W7_gas_20;W7_gas_21;W7_gas_22;W7_gas_23;W7_gas_24;W7_gas_25;W7_gas_26;W7_gas_27;W7_gas_28;W7_gas_29;W7_gas_30;W7_gas_31;W7_gas_32;W7_gas_33;W7_gas_34;W7_gas_35;W7_gas_36;W7_gas_37;W7_gas_38;W7_gas_39;W7_gas_40;W7_gas_41;W7_gas_42;W7_gas_43;W7_gas_44;W7_gas_45;W7_gas_46;W7_gas_47;W7_gas_48;W7_gas_49;W7_gas_50;W7_gas_51;W7_gas_52;W7_gas_53;W7_gas_54;W7_gas_55;W7_gas_56;W7_gas_57;W7_gas_58;W7_gas_59;W7_gas_60;W7_gas_61;W7_gas_62;W7_gas_63;W7_gas_64;W7_gas_65;W7_gas_66;W7_gas_67;W7_gas_68;W7_gas_69;W7_gas_70;W7_gas_71;W7_gas_72;W7_gas_73;W7_gas_74;W7_gas_75;W7_gas_76;W7_gas_77;W7_gas_78;W7_gas_79;W7_gas_80;W7_gas_81;W7_gas_82;W7_gas_83;W7_gas_84;W7_gas_85;W7_gas_86;W7_gas_87;W7_gas_88;W7_gas_89;W7_gas_90;W7_gas_91;W7_gas_92;W7_gas_93;W7_gas_94;W7_gas_95;W7_gas_96;W7_gas_97;W7_gas_98;W7_gas_99;W7_gas_100;W7_gas_101;W7_gas_102;W7_gas_103;W7_gas_104;W7_gas_105;W7_gas_106;W7_gas_107;W7_gas_108;W7_gas_109;W7_gas_110;W7_gas_111;W7_gas_112;W7_gas_113;W7_gas_114;W7_gas_115;W7_gas_116;W7_gas_117;W7_gas_118;W7_gas_119;W7_gas_120;W7_gas_121;W7_gas_122;W7_gas_123;W7_gas_124;W7_gas_125;W7_gas_126;W7_gas_127;W7_gas_128;W7_gas_129;W7_gas_130;W7_gas_131;W7_gas_132;W7_gas_133;W7_gas_134;W7_gas_135;W7_gas_136;W7_gas_137;W7_gas_138;W7_gas_139;W7_gas_140;W7_gas_141;W7_gas_142;W7_gas_143;W7_gas_144;W7_gas_145;W7_gas_146;W7_gas_147;W7_gas_148;W7_gas_149;W7_gas_150;W7_gas_151;W7_gas_152;W7_gas_153;W7_gas_154;W7_gas_155;W7_gas_156;W7_gas_157;W7_gas_158;W7_gas_159;W7_gas_160;W7_gas_161;W7_gas_162;W7_gas_163;W7_gas_164;W7_gas_165;W7_gas_166;W7_gas_167;W7_gas_168;W7_gas_169;W7_gas_170;W7_gas_171;W7_gas_172;W7_gas_173;W7_gas_174;W7_gas_175;W7_gas_176;W7_gas_177;W7_gas_178;W7_gas_179;W7_gas_180;W7_gas_181;W7_gas_182;W7_gas_183;W7_gas_184;W7_gas_185;W7_gas_186;W7_gas_187;W7_gas_188;W7_gas_189;W7_gas_190;W7_gas_191;W7_gas_192;W7_gas_193;W7_gas_194;W7_gas_195;W7_gas_196;W7_gas_197;W7_gas_198;W7_gas_199;W7_gas_200;W7_gas_201;W7_gas_202;W7_gas_203;W7_gas_204;W7_gas_205;W7_gas_206;W7_gas_207;W7_gas_208;W7_gas_209;W7_gas_210;W7_gas_211;W7_gas_212;W7_gas_213;W7_gas_214;W7_gas_215;W7_gas_216;W7_gas_217;W7_gas_218;W7_gas_219;W7_gas_220;W7_gas_221;W7_gas_222;W7_gas_223;W7_gas_224;W7_gas_225;W7_gas_226;W7_gas_227;W7_gas_228;W7_gas_229;W7_gas_230;W7_gas_231;W7_gas_232;W7_gas_233;W7_gas_234;W7_gas_235;W7_gas_236;W7_gas_237;W7_gas_238;W7_gas_239;W7_gas_240;W7_gas_241;W7_gas_242;W7_gas_243;W7_gas_244;W7_gas_245;W7_gas_246;W7_gas_247;W7_gas_248;W7_gas_249;W7_gas_250;W7_gas_251;W7_gas_252;W7_gas_253;W7_gas_254;W7_gas_255;W7_gas_256;W7_gas_257;W7_gas_258;W7_gas_259;W7_gas_260;W7_gas_261;W7_gas_262;W7_gas_263;W7_gas_264;W7_gas_265;W7_gas_266;W7_gas_267;W7_gas_268;W7_gas_269;W7_gas_270;W7_gas_271;W7_gas_272;W7_gas_273;W7_gas_274;W7_gas_275;W7_gas_276;W7_gas_277;W7_gas_278;W7_gas_279;W7_gas_280;W7_gas_281;W7_gas_282;W7_gas_283;W7_gas_284;W7_gas_285;W7_gas_286;W7_gas_287;W7_gas_288;W7_gas_289;W7_gas_290;W7_gas_291;W7_gas_292;W7_gas_293;W7_gas_294;W7_gas_295;W7_gas_296;W7_gas_297;W7_gas_298;W7_gas_299;W7_gas_300;W7_gas_301;W7_gas_302;W7_gas_303;W7_gas_304;W7_gas_305;W7_gas_306;W7_gas_307;W7_gas_308;W7_gas_309;W7_gas_310;W7_gas_311;W7_gas_312;W7_gas_313;W7_gas_314;W7_gas_315;W7_gas_316;W7_gas_317;W7_gas_318;W7_gas_319;W7_gas_320;W7_gas_321;W7_gas_322;W7_gas_323;W7_gas_324;W7_gas_325;W7_gas_326;W7_gas_327;W7_gas_328;W7_gas_329;W7_gas_330;W7_gas_331;W7_gas_332;W7_gas_333;W7_gas_334;W7_gas_335;W7_gas_336;W7_gas_337;W7_gas_338;W7_gas_339;W7_gas_340;W7_gas_341;W7_gas_342;W7_gas_343;W7_gas_344;W7_gas_345;W7_gas_346;W7_gas_347;W7_gas_348;W7_gas_349;W7_gas_350;W7_gas_351;W7_gas_352;W7_gas_353;W7_gas_354;W7_gas_355;W7_gas_356;W7_gas_357;W7_gas_358;W7_gas_359;W7_gas_360;W7_gas_361;W7_gas_362;W7_gas_363;W7_gas_364;W7_gas_365;W7_gas_366;W7_gas_367;W7_gas_368;W7_gas_369;W7_gas_370;W7_gas_371;W7_gas_372;W7_gas_373;W7_gas_374;W7_gas_375;W7_gas_376;W7_gas_377;W7_gas_378;W7_gas_379;W7_gas_380;W7_gas_381;W7_gas_382;W7_gas_383;W7_gas_384;W7_gas_385;W7_gas_386;W7_gas_387;W7_gas_388;W7_gas_389;W7_gas_390;W7_gas_391;W7_gas_392;W7_gas_393;W7_gas_394;W7_gas_395;W7_gas_396;W7_gas_397;W7_gas_398;W7_gas_399;W7_gas_400;W7_gas_401;W7_gas_402;W7_gas_403;W7_gas_404;W7_gas_405;W7_gas_406;W7_gas_407;W7_gas_408;W7_gas_409;W7_gas_410;W7_gas_411;W7_gas_412;W7_gas_413;W7_gas_414;W7_gas_415;W7_gas_416;W7_gas_417;W7_gas_418;W7_gas_419;W7_gas_420;W7_gas_421;W7_gas_422;W7_gas_423;W7_gas_424;W7_gas_425;W7_gas_426;W7_gas_427;W7_gas_428;W7_gas_429;W7_gas_430;W7_gas_431;W7_gas_432;W7_gas_433;W7_gas_434;W7_gas_435;W7_gas_436;W7_gas_437;W7_gas_438;W7_gas_439;W7_gas_440;W7_gas_441;W7_gas_442;W7_gas_443;W7_gas_444;W7_gas_445;W7_gas_446;W7_gas_447;W7_gas_448;W7_gas_449;W7_gas_450;W7_gas_451;W7_gas_452;W7_gas_453;W7_gas_454;W7_gas_455;W7_gas_456;W7_gas_457;W7_gas_458;W7_gas_459;W7_gas_460;W7_gas_461;W7_gas_462;W7_gas_463;W7_gas_464;W7_gas_465;W7_gas_466;W7_gas_467;W7_gas_468;W7_gas_469;W7_gas_470;W7_gas_471;W7_gas_472;W7_gas_473;W7_gas_474;W7_gas_475;W7_gas_476;W7_gas_477;W7_gas_478;W7_gas_479;W7_gas_480;W7_gas_481;W7_gas_482;W7_gas_483;W7_gas_484;W7_gas_485;W7_gas_486;W7_gas_487;W7_gas_488;W7_gas_489;W7_gas_490;W7_gas_491;W7_gas_492;W7_gas_493;W7_gas_494;W7_gas_495;W7_gas_496;W7_gas_497;W7_gas_498;W7_gas_499;W7_choke
0;0.0;0.0;0.0;0.0;0.0;0.0;0.0;0.0;0.0;0.0;0.0;0.0;0.0;0.0;0.0;0.0;0.0;0.0;0.0;0.0;0.0;0.0;0.0;0.0;0.0;0.0;0.0;0.0;0.0;0.0;0.0;0.0;0.0;0.0;0.0;0.0;0.0;0.0;0.0;0.0;0.0;0.0;0.0;0.0;0.0;0.0;0.0;0.0;0.0;0.0;0.0;0.0;0.0;0.0;0.0;0.0;0.0;0.0;0.0;0.0;0.0;0.0;0.0;0.0;0.0;0.0;0.0;0.0;0.0;0.0;0.0;0.0;0.0;0.0;0.0;0.0;0.0;0.0;0.0;0.0;0.0;0.0;0.0;0.0;0.0;0.0;0.0;0.0;0.0;0.0;0.0;0.0;0.0;0.0;0.0;0.0;0.0;0.0;0.0;0.0;0.0;0.0;0.0;0.0;0.0;0.0;0.0;0.0;0.0;0.0;0.0;0.0;0.0;0.0;0.0;0.0;0.0;0.0;0.0;0.0;0.0;0.0;0.0;0.0;0.0;0.0;0.0;0.0;0.0;0.0;0.0;0.0;0.0;0.0;0.0;0.0;0.0;0.0;0.0;0.0;0.0;0.0;0.0;0.0;0.0;0.0;0.0;0.0;0.0;0.0;0.0;0.0;0.0;0.0;0.0;0.0;0.0;0.0;0.0;0.0;0.0;0.0;0.0;0.0;0.0;0.0;0.0;0.0;0.0;0.0;0.0;0.0;0.0;0.0;0.0;0.0;0.0;0.0;0.0;0.0;0.0;0.0;0.0;0.0;0.0;0.0;0.0;0.0;0.0;0.0;0.0;0.0;0.0;0.0;0.0;0.0;0.0;0.0;0.0;0.0;0.0;0.0;0.0;0.0;0.0;0.0;0.0;0.0;0.0;0.0;0.0;0.0;0.0;0.0;0.0;0.0;0.0;0.0;0.0;0.0;0.0;0.0;0.0;0.0;0.0;0.0;0.0;0.0;0.0;0.0;0.0;0.0;0.0;0.0;0.0;0.0;0.0;0.0;0.0;0.0;0.0;0.0;0.0;0.0;0.0;0.0;0.0;0.0;0.0;0.0;0.0;0.0;0.0;0.0;0.0;0.0;0.0;0.0;0.0;0.0;0.0;0.0;0.0;0.0;0.0;0.0;0.0;0.0;0.0;0.0;0.0;0.0;0.0;0.0;0.0;0.0;0.0;0.0;0.0;0.0;0.0;0.0;0.0;0.0;0.0;0.0;0.0;0.0;0.0;0.0;0.0;0.0;0.0;0.0;0.0;0.0;0.0;0.0;0.0;0.0;0.0;0.0;0.0;0.0;0.0;0.0;0.0;0.0;0.0;0.0;0.0;0.0;0.0;0.0;0.0;0.0;0.0;0.0;0.0;0.0;0.0;0.0;0.0;0.0;0.0;0.0;0.0;0.0;0.0;0.0;0.0;0.0;0.0;0.0;0.0;0.0;0.0;0.0;0.0;0.0;0.0;0.0;0.0;0.0;0.0;0.0;0.0;0.0;0.0;0.0;0.0;0.0;0.0;0.0;0.0;0.0;0.0;0.0;0.0;0.0;0.0;0.0;0.0;0.0;0.0;0.0;0.0;0.0;0.0;0.0;0.0;0.0;0.0;0.0;0.0;0.0;0.0;0.0;0.0;0.0;0.0;0.0;0.0;0.0;0.0;0.0;0.0;0.0;0.0;0.0;0.0;0.0;0.0;0.0;0.0;0.0;0.0;0.0;0.0;0.0;0.0;0.0;0.0;0.0;0.0;0.0;0.0;0.0;0.0;0.0;0.0;0.0;0.0;0.0;0.0;0.0;0.0;0.0;0.0;0.0;0.0;0.0;0.0;0.0;0.0;0.0;0.0;0.0;0.0;0.0;0.0;0.0;0.0;0.0;0.0;0.0;0.0;0.0;0.0;0.0;0.0;0.0;0.0;0.0;0.0;0.0;0.0;0.0;0.0;0.0;0.0;0.0;0.0;0.0;0.0;0.0;0.0;0.0;0.0;0.0;0.0;0.0;0.0;0.0;0.0;0.0;0.0;0.0;0.0;0.0;0.0;0.0;0.0;0.0;0.0;0.0;0.0;0.0;0.0;0.0;0.0;0.0;0.0;0.0;0.0;0.0;0.0;0.0;0.0;0.0;0.0;0.0;0.0;0.0;0.0;0.0;0.0;0.0;0.0;0.0;0.0;0.0;0.0;0.0;0.0;0.0;0.0;0.0;0.0;0.0;0.0;0.0;0.0;0.0;0.0;0.0;0.0;0.0;0.0;0.0;0.0;0.0;0.0;0.0;0.0;0.0;0.0;0.0;0.0;0.0;0.0;0.0;0.0;0.0;0.0;0.0;0.0;0.0;0.0;0.0;0.0;0.0;0.0;0.0;0.0;0.0;0.0;0.0;0.0;0.0;0.0;0.0;0.0;0.0;0.0;0.0;0.0;0.0;0.0;0.0;0.0;0.0;0.0;0.0;0.0;0.0;0.0;0.0;0.0;0.0;0.0;0.0;0.0;0.0;0.0;0.0;0.0;0.0;0.0;0.0;0.0;0.0;0.0;0.0;0.0;0.0;0.0;0.0;0.0;0.0;0.0;0.0;0.0;0.0;0.0;0.0;0.0;0.0;0.0;0.0;0.0;0.0;0.0;0.0;0.0;0.0;0.0;0.0;0.0;0.0;0.0;0.0;0.0;0.0;0.0;0.0;0.0;0.0;0.0;0.0;0.0;0.0;0.0;0.0;0.0;0.0;0.0;0.0;0.0;0.0;0.0;0.0;0.0;0.0;0.0;0.0;0.0;0.0;0.0;0.0;0.0;0.0;0.0;0.0;0.0;0.0;0.0;0.0;0.0;0.0;0.0;0.0;0.0;0.0;0.0;0.0;0.0;0.0;0.0;0.0;0.0;0.0;0.0;0.0;0.0;0.0;0.0;0.0;0.0;0.0;0.0;0.0;0.0;0.0;0.0;0.0;0.0;0.0;0.0;0.0;0.0;0.0;0.0;0.0;0.0;0.0;0.0;0.0;0.0;0.0;0.0;0.0;0.0;0.0;0.0;0.0;0.0;0.0;0.0;0.0;0.0;0.0;0.0;0.0;0.0;0.0;0.0;0.0;0.0;0.0;0.0;0.0;0.0;0.0;0.0;0.0;0.0;0.0;0.0;0.0;0.0;0.0;0.0;0.0;0.0;0.0;0.0;0.0;0.0;0.0;0.0;0.0;0.0;0.0;0.0;0.0;0.0;0.0;0.0;0.0;0.0;0.0;0.0;0.0;0.0;0.0;0.0;0.0;0.0;0.0;0.0;0.0;0.0;0.0;0.0;0.0;0.0;0.0;0.0;0.0;0.0;0.0;0.0;0.0;0.0;0.0;0.0;0.0;0.0;0.0;0.0;0.0;0.0;0.0;0.0;0.0;0.0;0.0;0.0;0.0;0.0;0.0;0.0;0.0;0.0;0.0;0.0;0.0;0.0;0.0;0.0;0.0;0.0;0.0;0.0;0.0;0.0;0.0;0.0;0.0;0.0;0.0;0.0;0.0;0.0;0.0;0.0;0.0;0.0;0.0;0.0;0.0;0.0;0.0;0.0;0.0;0.0;0.0;0.0;0.0;0.0;0.0;0.0;0.0;0.0;0.0;0.0;0.0;0.0;0.0;0.0;0.0;0.0;0.0;0.0;0.0;0.0;0.0;0.0;0.0;0.0;0.0;0.0;0.0;0.0;0.0;0.0;0.0;0.0;0.0;0.0;0.0;0.0;0.0;0.0;0.0;0.0;0.0;0.0;0.0;0.0;0.0;0.0;0.0;0.0;0.0;0.0;0.0;0.0;0.0;0.0;0.0;0.0;0.0;0.0;0.0;0.0;0.0;0.0;0.0;0.0;0.0;0.0;0.0;0.0;0.0;0.0;0.0;0.0;0.0;0.0;0.0;0.0;0.0;0.0;0.0;0.0;0.0;0.0;0.0;0.0;0.0;0.0;0.0;0.0;0.0;0.0;0.0;0.0;0.0;0.0;0.0;0.0;0.0;0.0;0.0;0.0;0.0;0.0;0.0;0.0;0.0;0.0;0.0;0.0;0.0;0.0;0.0;0.0;0.0;0.0;0.0;0.0;0.0;0.0;0.0;0.0;0.0;0.0;0.0;0.0;0.0;0.0;0.0;0.0;0.0;0.0;0.0;0.0;0.0;0.0;0.0;0.0;0.0;0.0;0.0;0.0;0.0;0.0;0.0;0.0;0.0;0.0;0.0;0.0;0.0;0.0;0.0;0.0;0.0;0.0;0.0;0.0;0.0;0.0;0.0;0.0;0.0;0.0;0.0;0.0;0.0;0.0;0.0;0.0;0.0;0.0;0.0;0.0;0.0;0.0;0.0;0.0;0.0;0.0;0.0;0.0;0.0;0.0;0.0;0.0;0.0;0.0;0.0;0.0;0.0;0.0;0.0;0.0;0.0;0.0;0.0;0.0;0.0;0.0;0.0;0.0;0.0;0.0;0.0;0.0;0.0;0.0;0.0;0.0;0.0;0.0;0.0;0.0;0.0;0.0;0.0;0.0;0.0;0.0;0.0;0.0;0.0;0.0;0.0;0.0;0.0;0.0;0.0;0.0;0.0;0.0;0.0;0.0;0.0;0.0;0.0;0.0;0.0;0.0;0.0;0.0;0.0;0.0;0.0;0.0;0.0;0.0;0.0;0.0;0.0;0.0;0.0;0.0;0.0;0.0;0.0;0.0;0.0;0.0;0.0;0.0;0.0;0.0;0.0;0.0;0.0;0.0;0.0;0.0;0.0;0.0;0.0;0.0;0.0;0.0;0.0;0.0;0.0;0.0;0.0;0.0;0.0;0.0;0.0;0.0;0.0;0.0;0.0;0.0;0.0;0.0;0.0;0.0;0.0;0.0;0.0;0.0;0.0;0.0;0.0;0.0;0.0;0.0;0.0;0.0;0.0;0.0;0.0;0.0;0.0;0.0;0.0;0.0;0.0;0.0;0.0;0.0;0.0;0.0;0.0;0.0;0.0;0.0;0.0;0.0;0.0;0.0;0.0;0.0;0.0;0.0;0.0;0.0;0.0;0.0;0.0;0.0;0.0;0.0;0.0;0.0;0.0;0.0;0.0;0.0;0.0;0.0;0.0;0.0;0.0;0.0;0.0;0.0;0.0;0.0;0.0;0.0;0.0;0.0;0.0;0.0;0.0;0.0;0.0;0.0;0.0;0.0;0.0;0.0;0.0;0.0;0.0;0.0;0.0;0.0;0.0;0.0;0.0;0.0;0.0;0.0;0.0;0.0;0.0;0.0;0.0;0.0;0.0;0.0;0.0;0.0;0.0;0.0;0.0;0.0;0.0;0.0;0.0;0.0;0.0;0.0;0.0;0.0;0.0;0.0;0.0;0.0;0.0;0.0;0.0;0.0;0.0;0.0;0.0;0.0;0.0;0.0;0.0;0.0;0.0;0.0;0.0;0.0;0.0;0.0;0.0;0.0;0.0;0.0;0.0;0.0;0.0;0.0;0.0;0.0;0.0;0.0;0.0;0.0;0.0;0.0;0.0;0.0;0.0;0.0;0.0;0.0;0.0;0.0;0.0;0.0;0.0;0.0;0.0;0.0;0.0;0.0;0.0;0.0;0.0;0.0;0.0;0.0;0.0;0.0;0.0;0.0;0.0;0.0;0.0;0.0;0.0;0.0;0.0;0.0;0.0;0.0;0.0;0.0;0.0;0.0;0.0;0.0;0.0;0.0;0.0;0.0;0.0;0.0;0.0;0.0;0.0;0.0;0.0;0.0;0.0;0.0;0.0;0.0;0.0;0.0;0.0;0.0;0.0;0.0;0.0;0.0;0.0;0.0;0.0;0.0;0.0;0.0;0.0;0.0;0.0;0.0;0.0;0.0;0.0;0.0;0.0;0.0;0.0;0.0;0.0;0.0;0.0;0.0;0.0;0.0;0.0;0.0;0.0;0.0;0.0;0.0;0.0;0.0;0.0;0.0;0.0;0.0;0.0;0.0;0.0;0.0;0.0;0.0;0.0;0.0;0.0;0.0;0.0;0.0;0.0;0.0;0.0;0.0;0.0;0.0;0.0;0.0;0.0;0.0;0.0;0.0;0.0;0.0;0.0;0.0;0.0;0.0;0.0;0.0;0.0;0.0;0.0;0.0;0.0;0.0;0.0;0.0;0.0;0.0;0.0;0.0;0.0;0.0;0.0;0.0;0.0;0.0;0.0;0.0;0.0;0.0;0.0;0.0;0.0;0.0;0.0;0.0;0.0;0.0;0.0;0.0;0.0;0.0;0.0;0.0;0.0;0.0;0.0;0.0;0.0;0.0;0.0;0.0;0.0;0.0;0.0;0.0;0.0;0.0;0.0;0.0;0.0;0.0;0.0;0.0;0.0;0.0;0.0;0.0;0.0;0.0;0.0;0.0;0.0;0.0;0.0;0.0;0.0;0.0;0.0;0.0;0.0;0.0;0.0;0.0;0.0;0.0;0.0;0.0;0.0;0.0;0.0;0.0;0.0;0.0;0.0;0.0;0.0;0.0;0.0;0.0;0.0;0.0;0.0;0.0;0.0;0.0;0.0;0.0;0.0;0.0;0.0;0.0;0.0;0.0;0.0;0.0;0.0;0.0;0.0;0;0.0;0.0;0.0;0.0;0.0;0.0;0.0;0.0;0.0;0.0;0.0;0.0;0.0;0.0;0.0;0.0;0.0;0.0;0.0;0.0;0.0;0.0;0.0;0.0;0.0;0.0;0.0;0.0;0.0;0.0;0.0;0.0;0.0;0.0;0.0;0.0;0.0;0.0;0.0;0.0;0.0;0.0;0.0;0.0;0.0;0.0;0.0;0.0;0.0;0.0;0.0;0.0;0.0;0.0;0.0;0.0;0.0;0.0;0.0;0.0;0.0;0.0;0.0;0.0;0.0;0.0;0.0;0.0;0.0;0.0;0.0;0.0;0.0;0.0;0.0;0.0;0.0;0.0;0.0;0.0;0.0;0.0;0.0;0.0;0.0;0.0;0.0;0.0;0.0;0.0;0.0;0.0;0.0;0.0;0.0;0.0;0.0;0.0;0.0;0.0;0.0;0.0;0.0;0.0;0.0;0.0;0.0;0.0;0.0;0.0;0.0;0.0;0.0;0.0;0.0;0.0;0.0;0.0;0.0;0.0;0.0;0.0;0.0;0.0;0.0;0.0;0.0;0.0;0.0;0.0;0.0;0.0;0.0;0.0;0.0;0.0;0.0;0.0;0.0;0.0;0.0;0.0;0.0;0.0;0.0;0.0;0.0;0.0;0.0;0.0;0.0;0.0;0.0;0.0;0.0;0.0;0.0;0.0;0.0;0.0;0.0;0.0;0.0;0.0;0.0;0.0;0.0;0.0;0.0;0.0;0.0;0.0;0.0;0.0;0.0;0.0;0.0;0.0;0.0;0.0;0.0;0.0;0.0;0.0;0.0;0.0;0.0;0.0;0.0;0.0;0.0;0.0;0.0;0.0;0.0;0.0;0.0;0.0;0.0;0.0;0.0;0.0;0.0;0.0;0.0;0.0;0.0;0.0;0.0;0.0;0.0;0.0;0.0;0.0;0.0;0.0;0.0;0.0;0.0;0.0;0.0;0.0;0.0;0.0;0.0;0.0;0.0;0.0;0.0;0.0;0.0;0.0;0.0;0.0;0.0;0.0;0.0;0.0;0.0;0.0;0.0;0.0;0.0;0.0;0.0;0.0;0.0;0.0;0.0;0.0;0.0;0.0;0.0;0.0;0.0;0.0;0.0;0.0;0.0;0.0;0.0;0.0;0.0;0.0;0.0;0.0;0.0;0.0;0.0;0.0;0.0;0.0;0.0;0.0;0.0;0.0;0.0;0.0;0.0;0.0;0.0;0.0;0.0;0.0;0.0;0.0;0.0;0.0;0.0;0.0;0.0;0.0;0.0;0.0;0.0;0.0;0.0;0.0;0.0;0.0;0.0;0.0;0.0;0.0;0.0;0.0;0.0;0.0;0.0;0.0;0.0;0.0;0.0;0.0;0.0;0.0;0.0;0.0;0.0;0.0;0.0;0.0;0.0;0.0;0.0;0.0;0.0;0.0;0.0;0.0;0.0;0.0;0.0;0.0;0.0;0.0;0.0;0.0;0.0;0.0;0.0;0.0;0.0;0.0;0.0;0.0;0.0;0.0;0.0;0.0;0.0;0.0;0.0;0.0;0.0;0.0;0.0;0.0;0.0;0.0;0.0;0.0;0.0;0.0;0.0;0.0;0.0;0.0;0.0;0.0;0.0;0.0;0.0;0.0;0.0;0.0;0.0;0.0;0.0;0.0;0.0;0.0;0.0;0.0;0.0;0.0;0.0;0.0;0.0;0.0;0.0;0.0;0.0;0.0;0.0;0.0;0.0;0.0;0.0;0.0;0.0;0.0;0.0;0.0;0.0;0.0;0.0;0.0;0.0;0.0;0.0;0.0;0.0;0.0;0.0;0.0;0.0;0.0;0.0;0.0;0.0;0.0;0.0;0.0;0.0;0.0;0.0;0.0;0.0;0.0;0.0;0.0;0.0;0.0;0.0;0.0;0.0;0.0;0.0;0.0;0.0;0.0;0.0;0.0;0.0;0.0;0.0;0.0;0.0;0.0;0.0;0.0;0.0;0.0;0.0;0.0;0.0;0.0;0.0;0.0;0.0;0.0;0.0;0.0;0.0;0.0;0.0;0.0;0.0;0.0;0.0;0.0;0.0;0.0;0.0;0.0;0.0;0.0;0.0;0.0;0.0;0.0;0.0;0.0;0.0;0.0;0.0;0.0;0.0;0.0;0.0;0.0;0.0;0.0;0.0;0.0;0.0;0.0;0.0;0.0;0;0.0;0.0;0.0;0.0;0.0;0.0;0.0;0.0;0.0;0.0;0.0;0.0;0.0;0.0;0.0;0.0;0.0;0.0;0.0;0.0;0.0;0.0;0.0;0.0;0.0;0.0;0.0;0.0;0.0;0.0;0.0;0.0;0.0;0.0;0.0;0.0;0.0;0.0;0.0;0.0;0.0;0.0;0.0;0.0;0.0;0.0;0.0;0.0;0.0;0.0;0.0;0.0;0.0;0.0;0.0;0.0;0.0;0.0;0.0;0.0;0.0;0.0;0.0;0.0;0.0;0.0;0.0;0.0;0.0;0.0;0.0;0.0;0.0;0.0;0.0;0.0;0.0;0.0;0.0;0.0;0.0;0.0;0.0;0.0;0.0;0.0;0.0;0.0;0.0;0.0;0.0;0.0;0.0;0.0;0.0;0.0;0.0;0.0;0.0;0.0;0.0;0.0;0.0;0.0;0.0;0.0;0.0;0.0;0.0;0.0;0.0;0.0;0.0;0.0;0.0;0.0;0.0;0.0;0.0;0.0;0.0;0.0;0.0;0.0;0.0;0.0;0.0;0.0;0.0;0.0;0.0;0.0;0.0;0.0;0.0;0.0;0.0;0.0;0.0;0.0;0.0;0.0;0.0;0.0;0.0;0.0;0.0;0.0;0.0;0.0;0.0;0.0;0.0;0.0;0.0;0.0;0.0;0.0;0.0;0.0;0.0;0.0;0.0;0.0;0.0;0.0;0.0;0.0;0.0;0.0;0.0;0.0;0.0;0.0;0.0;0.0;0.0;0.0;0.0;0.0;0.0;0.0;0.0;0.0;0.0;0.0;0.0;0.0;0.0;0.0;0.0;0.0;0.0;0.0;0.0;0.0;0.0;0.0;0.0;0.0;0.0;0.0;0.0;0.0;0.0;0.0;0.0;0.0;0.0;0.0;0.0;0.0;0.0;0.0;0.0;0.0;0.0;0.0;0.0;0.0;0.0;0.0;0.0;0.0;0.0;0.0;0.0;0.0;0.0;0.0;0.0;0.0;0.0;0.0;0.0;0.0;0.0;0.0;0.0;0.0;0.0;0.0;0.0;0.0;0.0;0.0;0.0;0.0;0.0;0.0;0.0;0.0;0.0;0.0;0.0;0.0;0.0;0.0;0.0;0.0;0.0;0.0;0.0;0.0;0.0;0.0;0.0;0.0;0.0;0.0;0.0;0.0;0.0;0.0;0.0;0.0;0.0;0.0;0.0;0.0;0.0;0.0;0.0;0.0;0.0;0.0;0.0;0.0;0.0;0.0;0.0;0.0;0.0;0.0;0.0;0.0;0.0;0.0;0.0;0.0;0.0;0.0;0.0;0.0;0.0;0.0;0.0;0.0;0.0;0.0;0.0;0.0;0.0;0.0;0.0;0.0;0.0;0.0;0.0;0.0;0.0;0.0;0.0;0.0;0.0;0.0;0.0;0.0;0.0;0.0;0.0;0.0;0.0;0.0;0.0;0.0;0.0;0.0;0.0;0.0;0.0;0.0;0.0;0.0;0.0;0.0;0.0;0.0;0.0;0.0;0.0;0.0;0.0;0.0;0.0;0.0;0.0;0.0;0.0;0.0;0.0;0.0;0.0;0.0;0.0;0.0;0.0;0.0;0.0;0.0;0.0;0.0;0.0;0.0;0.0;0.0;0.0;0.0;0.0;0.0;0.0;0.0;0.0;0.0;0.0;0.0;0.0;0.0;0.0;0.0;0.0;0.0;0.0;0.0;0.0;0.0;0.0;0.0;0.0;0.0;0.0;0.0;0.0;0.0;0.0;0.0;0.0;0.0;0.0;0.0;0.0;0.0;0.0;0.0;0.0;0.0;0.0;0.0;0.0;0.0;0.0;0.0;0.0;0.0;0.0;0.0;0.0;0.0;0.0;0.0;0.0;0.0;0.0;0.0;0.0;0.0;0.0;0.0;0.0;0.0;0.0;0.0;0.0;0.0;0.0;0.0;0.0;0.0;0.0;0.0;0.0;0.0;0.0;0.0;0.0;0.0;0.0;0.0;0.0;0.0;0.0;0.0;0.0;0.0;0.0;0.0;0.0;0.0;0.0;0.0;0.0;0.0;0.0;0.0;0.0;0.0;0.0;0.0;0.0;0.0;0.0;0.0;0.0;0.0;0.0;0.0;0.0;0.0;0.0;0.0;0.0;0.0;0.0;0.0;0.0;0.0;0.0;0.0;0.0;0.0;0.0;0.0;0.0;0.0;0.0;0.0;0.0;0.0;0.0;0.0;0.0;0.0;0.0;0.0;0.0;0.0;0.0;0.0;0.0;0.0;0.0;0.0;0.0;0.0;0.0;0.0;0.0;0.0;0.0;0.0;0.0;0.0;0.0;0.0;0.0;0.0;0.0;0.0;0.0;0.0;0.0;0.0;0.0;0.0;0.0;0.0;0.0;0.0;0.0;0.0;0.0;0.0;0.0;0.0;0.0;0.0;0.0;0.0;0.0;0.0;0.0;0.0;0.0;0.0;0.0;0.0;0.0;0.0;0.0;0.0;0.0;0.0;0.0;0.0;0.0;0.0;0.0;0.0;0.0;0.0;0.0;0.0;0.0;0.0;0.0;0.0;0.0;0.0;0.0;0.0;0.0;0.0;0.0;0.0;0.0;0.0;0.0;0.0;0.0;0.0;0.0;0.0;0.0;0.0;0.0;0.0;0.0;0.0;0.0;0.0;0.0;0.0;0.0;0.0;0.0;0.0;0.0;0.0;0.0;0.0;0.0;0.0;0.0;0.0;0.0;0.0;0.0;0.0;0.0;0.0;0.0;0.0;0.0;0.0;0.0;0.0;0.0;0.0;0.0;0.0;0.0;0.0;0.0;0.0;0.0;0.0;0.0;0.0;0.0;0.0;0.0;0.0;0.0;0.0;0.0;0.0;0.0;0.0;0.0;0.0;0.0;0.0;0.0;0.0;0.0;0.0;0.0;0.0;0.0;0.0;0.0;0.0;0.0;0.0;0.0;0.0;0.0;0.0;0.0;0.0;0.0;0.0;0.0;0.0;0.0;0.0;0.0;0.0;0.0;0.0;0.0;0.0;0.0;0.0;0.0;0.0;0.0;0.0;0.0;0.0;0.0;0.0;0.0;0.0;0.0;0.0;0.0;0.0;0.0;0.0;0.0;0.0;0.0;0.0;0.0;0.0;0.0;0.0;0.0;0.0;0.0;0.0;0.0;0.0;0.0;0.0;0.0;0.0;0.0;0.0;0.0;0.0;0.0;0.0;0.0;0.0;0.0;0.0;0.0;0.0;0.0;0.0;0.0;0.0;0.0;0.0;0.0;0.0;0.0;0.0;0.0;0.0;0.0;0.0;0.0;0.0;0.0;0.0;0.0;0.0;0.0;0.0;0.0;0.0;0.0;0.0;0.0;0.0;0.0;0.0;0.0;0.0;0.0;0.0;0.0;0.0;0.0;0.0;0.0;0.0;0.0;0.0;0.0;0.0;0.0;0.0;0.0;0.0;0.0;0.0;0.0;0.0;0.0;0.0;0.0;0.0;0.0;0.0;0.0;0.0;0.0;0.0;0.0;0.0;0.0;0.0;0.0;0.0;0.0;0.0;0.0;0.0;0.0;0.0;0.0;0.0;0.0;0.0;0.0;0.0;0.0;0.0;0.0;0.0;0.0;0.0;0.0;0.0;0.0;0.0;0.0;0.0;0.0;0.0;0.0;0.0;0.0;0.0;0.0;0.0;0.0;0.0;0.0;0.0;0.0;0.0;0.0;0.0;0.0;0.0;0.0;0.0;0.0;0.0;0.0;0.0;0.0;0.0;0.0;0.0;0.0;0.0;0.0;0.0;0.0;0.0;0.0;0.0;0.0;0.0;0.0;0.0;0.0;0.0;0.0;0.0;0.0;0.0;0.0;0.0;0.0;0.0;0.0;0.0;0.0;0.0;0.0;0.0;0.0;0.0;0.0;0.0;0.0;0.0;0.0;0.0;0.0;0.0;0.0;0.0;0.0;0.0;0.0;0.0;0.0;0.0;0.0;0.0;0.0;0.0;0.0;0.0;0.0;0.0;0.0;0.0;0.0;0.0;0.0;0.0;0.0;0.0;0.0;0.0;0.0;0.0;0.0;0.0;0.0;0.0;0.0;0.0;0.0;0.0;0.0;0.0;0.0;0.0;0.0;0.0;0.0;0.0;0.0;0.0;0.0;0.0;0.0;0.0;0.0;0.0;0.0;0.0;0.0;0.0;0.0;0.0;0.0;0.0;0.0;0.0;0.0;0.0;0.0;0.0;0.0;0.0;0.0;0.0;0.0;0.0;0.0;0.0;0.0;0.0;0.0;0.0;0.0;0.0;0.0;0.0;0.0;0.0;0.0;0.0;0.0;0.0;0.0;0.0;0.0;0.0;0.0;0.0;0.0;0.0;0.0;0.0;0.0;0.0;0.0;0.0;0.0;0.0;0.0;0.0;0.0;0.0;0.0;0.0;0.0;0.0;0.0;0.0;0.0;0.0;0.0;0.0;0.0;0.0;0.0;0.0;0.0;0.0;0.0;0.0;0.0;0.0;0.0;0.0;0.0;0.0;0.0;0.0;0.0;0.0;0.0;0.0;0.0;0.0;0.0;0.0;0.0;0.0;0.0;0.0;0.0;0.0;0.0;0.0;0.0;0.0;0.0;0.0;0.0;0.0;0.0;0.0;0.0;0.0;0.0;0.0;0.0;0.0;0.0;0.0;0.0;0.0;0.0;0.0;0.0;0.0;0.0;0.0;0.0;0.0;0.0;0.0;0.0;0.0;0.0;0.0;0.0;0.0;0.0;0.0;0.0;0.0;0.0;0.0;0.0;0.0;0.0;0.0;0.0;0.0;0.0;0.0;0.0;0.0;0.0;0.0;0.0;0.0;0.0;0.0;0.0;0.0;0.0;0.0;0.0;0.0;0.0;0.0;0.0;0.0;0.0;0.0;0.0;0.0;0.0;0.0;0.0;0.0;0.0;0.0;0.0;0.0;0.0;0.0;0.0;0.0;0.0;0.0;0.0;0.0;0.0;0.0;0.0;0.0;0.0;0.0;0.0;0.0;0.0;0.0;0.0;0.0;0.0;0.0;0.0;0.0;0.0;0.0;0.0;0.0;0.0;0.0;0.0;0.0;0.0;0.0;0.0;0.0;0.0;0.0;0.0;0.0;0.0;0.0;0.0;0.0;0.0;0.0;0.0;0.0;0.0;0.0;0.0;0.0;0.0;0.0;0.0;0.0;0.0;0.0;0.0;0.0;0.0;0.0;0.0;0.0;0.0;0.0;0.0;0.0;0.0;0.0;0.0;0.0;0.0;0.0;0.0;0.0;0.0;0.0;0.0;0.0;0.0;0.0;0.0;0.0;0.0;0.0;0.0;0.0;0.0;0.0;0.0;0.0;0.0;0.0;0.0;0.0;0.0;0.0;0.0;0.0;0.0;0.0;0.0;0.0;0.0;0.0;0.0;0.0;0.0;0.0;0.0;0.0;0.0;0.0;0.0;0.0;0.0;0.0;0.0;0.0;0.0;0.0;0.0;0.0;0.0;0.0;0.0;0.0;0.0;0.0;0.0;0.0;0.0;0.0;0.0;0.0;0.0;0.0;0.0;0.0;0.0;0.0;0.0;0.0;0.0;0.0;0.0;0.0;0.0;0.0;0.0;0.0;0.0;0.0;0.0;0.0;0.0;0.0;0.0;0.0;0.0;0.0;0.0;0.0;0.0;0.0;0.0;0.0;0.0;0.0;0.0;0.0;0.0;0.0;0.0;0.0;0.0;0.0;0.0;0.0;0.0;0.0;0.0;0.0;0.0;0.0;0.0;0.0;0.0;0.0;0.0;0.0;0.0;0.0;0.0;0.0;0.0;0.0;0.0;0.0;0.0;0.0;0.0;0.0;0.0;0.0;0.0;0.0;0.0;0.0;0.0;0.0;0.0;0.0;0.0;0.0;0.0;0.0;0.0;0.0;0.0;0.0;0.0;0.0;0.0;0.0;0.0;0.0;0.0;0.0;0.0;0.0;0.0;0.0;0.0;0.0;0.0;0.0;0.0;0.0;0.0;0.0;0.0;0.0;0.0;0.0;0.0;0.0;0.0;0.0;0.0;0.0;0.0;0.0;0.0;0.0;0.0;0.0;0.0;0.0;0.0;0.0;0.0;0.0;0.0;0.0;0.0;0.0;0.0;0.0;0.0;0.0;0.0;0.0;0.0;0.0;0.0;0.0;0.0;0.0;0.0;0.0;0.0;0.0;0.0;0.0;0.0;0.0;0.0;0.0;0.0;0.0;0.0;0.0;0.0;0.0;0.0;0.0;0.0;0.0;0.0;0.0;0.0;0.0;0.0;0.0;0.0;0.0;0.0;0.0;0.0;0.0;0.0;0.0;0.0;0.0;0.0;0.0;0.0;0.0;0.0;0.0;0.0;0.0;0.0;0.0;0.0;0.0;0.0;0.0;0.0;0.0;0.0;0.0;0.0;0.0;0.0;0.0;0.0;0.0;0.0;0.0;0.0;0.0;0.0;0.0;0.0;0.0;0.0;0.0;0.0;0.0;0.0;0.0;0.0;0.0;0.0;0.0;0.0;0.0;0.0;0.0;0.0;0.0;0.0;0.0;0.0;0.0;0.0;0.0;0.0;0.0;0.0;0.0;0.0;0.0;0.0
1;10.0;3326.600800711043;0.0;0.0;1550.9542979005246;588.5322742809252;0.0;2156.6726399179706;985.1243046992114;1699.4947421197296;4570.697503587416;0.0;4322.2928268545575;0.0;4313.257360418219;0.0;0.0;1560.6919017572231;598.260329660689;2826.5931164778203;0.0;2521.034965787065;1472.0474470742554;1604.829014500958;5203.040502362661;0.0;3160.8912715908696;961.3852382496452;294.3653489776898;1526.8060037390876;1987.5546358122813;2596.3166912778697;723.3576319900757;350.93636967803866;0.0;1360.2998369881082;1769.2976392928038;0.0;0.0;2526.3794152220034;0.0;1491.5704999571246;0.0;6047.47697768421;2226.0080059612064;5402.858782227624;8196.779587672541;253.49769112091568;0.0;0.0;0.0;8444.084195372367;0.0;1441.6170754254065;931.3534424569693;4892.427606583909;2343.256259462256;326.4106386583712;0.0;158.98020648522134;2852.12096383805;5423.267721236137;1369.3858927135805;4545.332102064791;5137.484730710796;960.7885040840207;0.0;3425.3062102992626;2513.2996496508704;4989.135713823811;1878.7808768710047;8853.570999499243;2960.233193045307;5666.774361032375;1676.3466159640286;1022.491639714606;0.0;2161.24212801732;0.0;0.0;1435.4297568346508;1968.2290820361045;0.0;427.31851970215513;1959.465718264076;0.0;2998.8934819014826;0.0;4903.813462514038;5274.008007355314;0.0;1783.2584209457611;396.58914542294815;3803.37772864576;2626.267503970948;5040.731572731558;0.0;1374.9766558825631;0.0;3964.644046942978;0.0;3267.7972916456315;0.0;4079.9670080049764;2472.293526878227;5098.200486497762;1184.2569743729964;5480.211582851647;269.8900621467068;4174.753110356924;0.0;0.0;3103.0207585423595;94.41626734822785;0.0;0.0;657.2652439616271;0.0;0.0;3109.491998588365;1543.435628155148;5541.737672330311;139.0129431603823;2490.989425884125;920.0935634114039;0.0;0.0;2874.6745838777515;2399.784189281904;3621.025567903089;0.0;2807.810958387829;0.0;0.0;777.4520518693182;5325.565953998255;2278.909285500517;1430.7821448947884;0.0;4301.508048219348;0.0;0.0;3358.7157016542155;0.0;885.6062866520566;3300.2484154648864;0.0;3529.9422604648657;701.2523096225689;0.0;0.0;3504.046456846681;1779.4873880521247;3636.3427541689575;8381.811918983714;4363.729044160255;1099.6415982657672;6210.711055741011;0.0;2836.3336415416884;6639.8635437728135;0.0;3964.669866035786;0.0;0.0;262.25127009498567;532.3987127572743;756.3242049114904;3359.3621358151568;2520.0279017259368;3296.872418581453;1284.0068146149715;0.0;996.2821624239932;603.5998885348259;2393.9956654407847;590.811656927569;2528.6121364897044;3015.16352251864;0.0;521.6868435333181;1789.3662589454334;0.0;0.0;2.3543985710190327;2691.255804989753;3380.876787045425;0.0;4846.8196258942025;5282.261652850068;0.0;0.0;5677.2533345758375;0.0;1334.162968626968;0.0;3122.864507841345;1677.5205336133167;1569.192596116788;0.0;2566.949229288958;216.80657401771145;3528.4431780688856;2381.9279766756626;866.4387882713797;756.9658112379573;0.0;3885.541264776452;0.0;2796.859291532849;2608.6793294243234;833.978230115867;1247.3922330003936;3998.401108483239;1707.0303651608954;3229.5201815711303;235.58375601982559;0.0;0.0;2388.628295412923;3183.430574639363;0.0;2891.888096262125;0.0;190.06134722533557;1707.3307256662188;1446.2112613515085;0.0;1689.1814007891062;2951.666517617488;762.6782279931235;3478.6787013197527;0.0;0.0;678.4514685328663;0.0;0.0;2282.978906617334;2875.9696202811665;0.0;2354.9068580769745;0.0;0.0;2778.244049203145;3639.578386889778;2441.073571014763;3357.8770978215252;4338.342943299918;0.0;0.0;1148.8954557808854;1593.2451087606414;2918.683389952147;0.0;0.0;1085.5977921660792;3838.446321573397;2831.4734283398766;3473.109216637936;0.0;721.5629396428626;3138.04327146792;2345.8520108337275;0.0;690.4630593315999;1675.9520003535904;4410.169037070548;0.0;0.0;3382.911624963561;0.0;2430.8337986223473;2709.642183198596;1167.0462975399346;0.0;0.0;2336.299983595927;1000.3383872488413;2454.7557563652563;2435.6403362098345;0.0;3944.74190619188;0.0;0.0;2367.761148164753;3616.2207815216248;0.0;0.0;0.0;0.0;2862.184199330957;3541.663498411534;3531.448504097213;0.0;0.0;1589.2392195489083;31.56881746635909;0.0;2850.386310092013;975.581841406204;1664.9003888594311;3556.1048137044045;4419.067392882492;0.0;0.0;0.0;0.0;3819.603480291053;537.4237751764977;0.0;716.4568245736964;3718.1728807685054;4698.807308540509;2059.847975083801;5698.457463688259;0.0;0.0;0.0;12.702252502111635;3543.311279877065;918.4787878710516;0.0;2717.334042853915;1331.194483581653;0.0;0.0;1939.590925161968;2195.0007999723034;5274.055303524489;1330.3922198923453;1061.1865993676724;1280.7115418693875;0.0;508.2403573581713;834.0864587435177;2195.6802339690976;0.0;0.0;4136.257233541579;2932.4343421756453;0.0;1325.379638743809;3312.374878606561;1928.2598498374289;0.0;1140.1334916973615;378.7509741635697;2786.42614249112;5863.021971691991;3199.8795524173665;0.0;1452.1892679728046;5823.942755854053;2991.6688558626365;2845.4437210706537;0.0;1029.6117635046837;2226.482566255036;6482.644676327464;1656.1668392593433;1890.0416058116666;5553.667639724824;1903.7801175643035;3647.795323392325;5444.7214836163785;116.31614577501672;170.3436103186217;0.0;2295.9768479904988;129.18441858009498;3746.369006262145;1387.417738492648;0.0;5149.4239970566305;828.5097182970118;2466.4108805405153;2580.1087662300765;2210.911586209742;2972.5461135522564;2546.5696897746093;1031.7049779503852;4732.613988278141;1189.4081601462926;0.0;1134.9675709982241;1182.4125310422141;0.0;0.0;0.0;1595.153384874945;2998.689532852911;864.7451321621646;0.0;4982.357132421908;2739.984345065205;1167.5800384535555;0.0;2303.071336715123;552.7501707530065;5399.548634702674;6260.961032182798;813.522380801247;3870.158372092707;0.0;1324.2990764562664;1387.9472794610654;0.0;0.0;1139.315212084814;6362.576501040643;3489.2564933930244;661.6490835270951;2775.450237985184;0.0;2430.287480532146;2809.668557141555;3440.5721440458938;2271.245762649001;1659.8277380774455;1716.6436726327595;3338.0965975260933;2704.397441387659;23.921088802487308;1262.1534334638222;0.0;2797.0720209042047;2275.0597285817025;1883.2047157643703;87.30416939460144;0.0;2270.8566395243593;0.0;0.0;2695.460710408186;2495.1684513976434;894.2047060534302;0.0;0.0;1481.8298289727315;0.0;0.0;0.0;0.0;3845.7776739496553;2178.6798593045464;1548.6411618205277;2509.4878895833567;1890.1642269172528;2947.0712978632923;2101.9858179620546;1447.6774856975424;0.0;0.0;2231.4108950559894;3695.120938427624;0.0;0.0;0.0;5440.3455743417135;1360.7177534647396;0.0;893.4905947839169;1611.8825058622376;4255.466607016397;995.8090310719406;2149.3215174080833;0.0;183.756973735418;1973.8109061650384;829.462610246025;4170.2814927308755;3097.945480577334;0.0;425.2336671970268;777.703674193348;0.0;4100.335203847124;2345.2540019591243;1787.4124693596405;1931.009239973932;4339.5607650458915;0.0;4159.8099361325985;4088.6104069335793;10568.515271536206;2985.683911850589;0.0;0.0;0.0;5102.3375687086545;0.0;3277.5626741207648;0.0;0.0;0.0;0.0;2385.236947539626;0.0;126.520277979137;0.0;0.0;5069.679376930984;1994.0816657656271;0.0;0.0;3143.7920332308477;242.12221639125457;1031.8879879184235;1736.4277039199399;0.0;0.0;0.0;1455.3479473537411;133.01154678589674;1625.5440126100302;0.0;0.0;2555.010863747004;0.0;3185.66183970378;0.0;3442.165412235391;393.9944952610618;0.0;845.6081164960782;1137.7873963084576;2326.7241219528355;1704.177246268013;1068.4526026516658;0.0;2290.051285726574;1984.7125414636773;2698.364364860416;0.0;0.0;0.0;0.0;2836.873093537813;2518.864384573671;3080.7128885310376;0.0;0.0;5665.771137503423;5735.062912152874;914.0288028802876;0.0;4127.56758934103;1142.6896948061394;2878.0092594897583;799.8960886689032;92.9101709036249;2867.116945984046;483.8997798739818;594.350667997685;0.0;3302.742166911159;0.0;0.0;2956.032659838498;0.0;1525.009362958118;0.0;2132.99539168466;4508.140999155952;2428.246157402172;2643.703990896641;1396.146049229509;0.0;2021.8498618045394;4005.8739170094414;0.0;1216.475698071651;3862.675656501597;0.0;3042.878033016385;0.0;0.0;87.18861144041603;646.4104723343627;3505.082667275952;0.0;4394.770924708197;3336.301529869501;0.0;869.0301603661155;2524.651198132099;0.0;1320.3983078286042;1529.69012692019;2381.178411800375;5211.952740259379;0.0;0.0;0.0;0.0;2300.02132565382;5248.1788139252785;1542.462935599316;0.0;1647.7814857046524;4987.79602733398;0.0;364.3553391082305;0.0;1493.7787850050574;3312.341993046215;3219.393029184621;0.0;236.7944139381369;0.0;2049.3451369052123;0.0;1154.2537137927554;0.0;2466.175387135763;7903.491629609786;0.0;3400.084024839943;3122.538721839001;2755.682602683534;1394.4451455539652;0.0;2021.6418729093293;6517.8351555440795;0.0;452.3122595158653;0.0;1246.8331677453791;0.0;0.0;0.0;1843.5197938766;482.28679673093126;1406.9349158806604;0.0;0.0;0.0;1670.6329911563712;3218.469735701871;4026.794612021;0.0;0.0;4431.242790265;776.6834496563713;0.0;2041.6620352196344;0.0;2078.3352620036208;0.0;6993.1363363716955;3087.690662507833;5168.794236501884;1474.6953335055225;0.0;1606.2093664175095;2203.833098942605;0.0;1076.2517089429498;2068.7074358596633;4257.586266898548;0.0;0.0;0.0;3747.228527290809;2912.6931635856604;4220.549855664831;0.0;0.0;0.0;4327.099037290725;0.0;5808.984593400586;0.0;0.0;1042.4281022023983;534.9694613147493;0.0;3847.7032292772296;0.0;3353.5217676200373;2696.2390771733035;1418.774290697622;918.604141964797;3409.347608615112;3076.800796739046;0.0;0.0;0.0;3251.2716748389807;0.0;1609.958132372497;0.0;2129.781632492095;0.0;0.0;2193.842760009201;2795.36782738563;3522.578328076371;1579.245681603026;1754.0565875402515;1370.6832741817998;238.54622271917358;3010.72632672672;3150.645834701549;2060.265039224632;431.04228257654177;317.7148036294643;4027.317448544953;2711.273565222572;4847.969148120938;2159.4905045409523;625.8636956508527;5633.0399329516285;404.8124676446996;1924.1407880216027;945.3069455331779;0.0;2245.9942385650243;1543.3423559488567;2836.724990036897;0.0;0.0;2170.2333684453383;0.0;2832.6492074684;1632.9048332833222;1664.3204451140343;1518.936386156945;2317.115079607625;0.0;943.126438800092;3405.969547111139;2539.7030927349297;979.5503012473083;710.8490054404857;589.9566407535526;5285.946114097383;5408.411994525334;0.0;2286.945911674165;3919.1557197406014;0.0;3962.306690747133;0.0;720.2353244654068;2076.7449291157827;0.0;6203.1200032845445;2768.402494781113;0.0;0.0;1378.9671900226724;4190.556369374918;0.0;2261.462035110985;1860.792842982008;2695.4659087634145;3254.219759480988;1007.1511677551043;1766.9829901719195;1502.717165700184;3442.402292911329;0.0;6303.622062760212;401.0699655045103;1475.9795760064148;0.0;1930.7647346378208;5928.817299185705;1078.992356403971;1819.9263141424785;1997.3320985550915;7107.794243664264;306.0768919203166;1815.244151695099;3060.647172899986;0.0;6111.5743225247425;6935.007295928401;2523.280292919874;0.0;203.7657510670616;2208.107659671414;0.0;4025.0381238890186;2441.561644369753;4106.324580293503;201.1701952816453;1589.9178170822095;0.0;0.0;2726.150414887096;2705.706648456631;0.0;2627.464254010013;5075.341762720071;890.3971222938518;0.0;0.0;0.0;0.0;3748.536868658721;0.0;758.1683501939273;5480.527224897111;0.0;0.0;0.0;2397.594144763281;0.0;30.272627314860983;2430.605387346398;4895.4142481692;946.5126813265884;2157.3875716671337;3215.616682197608;2547.6787224932064;1251.0165527753466;0.0;384.32422132734877;2154.409732094144;0.0;4961.891969008213;958.7946009705213;4618.8502703176455;338.19148827756334;0.0;887.677301432274;4885.437381086916;1633.4738051457489;114.26402239312851;0.0;0.0;2365.3477794068795;0.0;11.325020424024842;0.0;4615.699186076951;0.0;0.0;4309.211102692352;2794.742553742695;0.0;139.79529937371626;0.0;1739.420122027514;4792.4041048473655;2118.0620321731312;2946.982266653315;0.0;3376.353620410285;4981.401867732639;0.0;0.0;3270.828971328609;0.0;2907.496447572892;0.0;4502.3764631312815;1839.0689322570404;0.0;364.77598281148636;2782.9650532716087;0.0;0.0;0.0;1606.046640505127;3685.8157287348977;2363.893833473573;0.0;4070.981402929149;0.0;1583.0888790867914;0.0;140.35439842240498;3439.0033776179853;2525.7142327622296;6041.0275684167245;3104.94213957918;538.4444095707422;77.94291425202707;0.0;0.0;754.6929541840218;1521.9782696772268;2194.461867048263;1740.244291344991;2841.543301875005;52.39729504159096;3593.48821163538;0.0;201.81076522971247;0.0;0.0;3656.414641352373;2267.4514755446235;0.0;0.0;0.0;0.0;0.0;0.0;4714.6134604844265;745.5456012632624;1679.3993307769283;602.7382058307032;3762.3042631367707;235.66636679368716;2752.581003292336;0.0;2267.084657824897;319.9658120880382;1394.3833412566019;3115.569560948057;2241.5323112369524;0.0;1935.8686992710184;1264.8193290340676;0.0;0.0;19.202634105622906;3370.522712139013;3231.003661839909;6986.71071380853;1036.2422874553988;1175.4331222275532;7525.2849891849255;3582.0812709750317;1795.5401997624383;1233.1439106952616;3495.429462804691;5019.3167326008615;0.0;442.3294488370524;0.0;0.0;2053.9312341635928;1265.250214478954;0.0;0.0;2611.6291284349763;1973.3161077305358;3030.772219755217;2684.7400482947123;0.0;1524.5396578185544;4416.216004462484;2299.6256805931753;2236.1912887937688;3537.413736023347;2475.55431607168;1754.6761674556271;3761.451384102365;755.1030592883225;0.0;2753.9584831643633;0.0;1851.636197990394;1890.293795204892;0.0;2361.913973679303;0.0;1491.7080168412406;0.0;4990.106653074177;0.0;132.36714652439605;0.0;0.0;0.0;4.3410337861315895;0.0;1177.2300427158655;0.0;2103.7491615651147;2935.099619158103;0.0;2093.3080952491914;965.5319763559386;2799.8819334457758;2126.494903395776;0.0;0.0;0.0;0.0;3815.0424005864948;7633.193070566518;0.0;0.0;2355.83756497575;1141.6182639981696;3129.372404436224;2705.8889586552164;2208.2833623750394;1101.038159238231;480.56227180581095;1790.7884265921136;1014.3645211008001;3349.351477304467;2119.5489268952288;3399.6288723612897;10.0;0.0;0.0;3097.588195285467;3326.2160753467865;6911.609409777656;1127.2279240690984;0.0;0.0;8911.837321011182;0.0;0.0;1273.0690630584095;0.0;0.0;0.0;0.0;6735.498745962275;5387.5117326353275;3572.2995950316194;0.0;8959.010116659072;1349.6073398840747;4596.932729532553;0.0;1022.9499324638341;0.0;2825.620119738493;0.0;0.0;0.0;7251.70777453779;0.0;3056.1730069323407;0.0;897.0472803168692;2061.1670942475307;7737.380461647471;0.0;0.0;1053.7375060229306;0.0;14.504283824116895;3194.678699350416;2107.374816493258;0.0;3546.769402050513;0.0;2069.819361008172;3044.1986475525714;8505.931130367524;252.2500825238144;0.0;0.0;5931.229878211954;2136.4642967521977;0.0;2478.7888125330715;3726.6289649703203;0.0;3804.0439382725535;0.0;0.0;4145.4731986819415;0.0;0.0;165.3910521545543;5084.671084428596;5277.36673397483;0.0;0.0;0.0;496.11691392359046;1888.7019120941147;0.0;0.0;5902.532527140213;4418.471271137454;0.0;0.0;5677.967870067006;0.0;0.0;2757.4015657089117;0.0;2610.3367120983385;7215.041546661554;0.0;0.0;0.0;0.0;0.0;0.0;4776.803760346309;669.1871189804004;374.02432345743364;4946.298495858781;404.2684009054306;0.0;0.0;2959.763706339391;2528.877874140195;2238.0524830125955;0.0;1097.8203694631634;2654.2875663376976;2151.440335399337;0.0;1650.702472422575;4523.747140944024;0.0;0.0;0.0;12.131498867827474;2933.4487230923673;0.0;0.0;4198.5915158596645;0.0;3834.933510162554;4230.282797304505;7013.113120335089;1923.136251452133;0.0;4219.621275246419;0.0;0.0;358.28513470125284;5390.235215457758;0.0;1525.5959223687023;145.1743153626703;2259.601658574264;0.0;0.0;1761.2545699598045;2915.7658276230013;4105.295589853354;0.0;1178.0503049176102;0.0;6185.827328230624;855.1989414706454;1446.6064630641727;2125.7345262897256;1428.1333863188433;1932.8404617494907;0.0;2707.399075672084;722.7779188087367;0.0;3895.2862422118596;1865.923599681904;1514.5139225291643;0.0;1330.9488498969956;5164.9310246739915;2468.027775899821;0.0;3434.2725381478003;0.0;0.0;612.7295436970571;6912.000485339174;0.0;0.0;512.5447218048872;2699.5030004579708;3472.60161656145;0.0;323.6185845476004;0.0;3728.958496043979;1114.197394320115;2356.555970729755;804.3737217683583;2737.5361033849067;0.0;2074.571447490488;939.5253775278927;0.0;0.0;0.0;0.0;4148.31054969264;0.0;2063.7509004931408;0.0;0.0;0.0;726.6582918140965;0.0;2770.98284147574;0.0;0.0;5979.177878660577;0.0;647.8919970420326;7793.421165338209;5088.499043852562;0.0;0.0;0.0;213.91926938066743;6445.201301133188;2482.086838430241;0.0;3333.721418740769;3337.8501417573407;8482.851189358908;0.0;0.0;2214.482042495289;2656.0963866660786;907.6077283675323;547.983568019529;0.0;0.0;797.2312824832201;1247.592282647168;2759.9570636823546;3908.559536295717;1147.274210521374;1328.4928754753673;0.0;4025.7399119570127;0.0;0.0;0.0;0.0;0.0;3643.3998203688843;4562.859818651313;616.3323219869384;0.0;6177.7322272730225;1519.1243430050656;0.0;3048.0013487957362;9477.836337325693;5780.626815360762;0.0;1558.9113199376086;2585.260227504013;3286.686937292642;0.0;187.10348439142845;0.0;0.0;2195.270233781788;0.0;0.0;1911.3701892749148;863.3081972388707;0.0;0.0;1430.7914001046734;0.0;3227.8337578748897;2765.7325533866588;8583.547622628892;1258.756915598708;147.78909916317588;1404.1120617859133;1733.0700932875945;0.0;4406.296695572454;2017.719600894528;3847.7855162481283;0.0;3759.6937891008297;353.31229281723864;854.7368781403449;0.0;977.8148786131587;1506.3711486348948;0.0;0.0;0.0;1372.7577817465406;3373.688125970363;1615.3358051849448;7532.341106941026;0.0;91.16322626796585;2897.0979699783916;967.353411614662;0.0;0.0;3385.723385842515;5210.002714974858;576.4041244801789;0.0;595.3139348542804;0.0;1245.4342759746964;0.0;0.0;306.6920964236766;0.0;832.1668457502848;3981.359368698303;1170.4180317503494;2398.595178547154;0.0;0.0;1953.3295044006188;0.0;0.0;598.4523763195167;1766.3701470721094;0.0;1242.180382050187;0.0;0.0;0.0;3493.8055297079277;0.0;5806.0922368202755;1596.6682593075534;0.0;2296.6488098064183;11.658074051122524;2487.774867666922;4487.837074294662;709.6383918505472;0.0;0.0;0.0;4387.361657185212;0.0;5684.944603585145;2660.6846664706068;1137.7782131175015;891.9863866318974;0.0;2008.6006073473284;2570.7851801675906;617.7341712719602;3010.8308635540916;147.13547137406;0.0;0.0;0.0;3339.538251399157;359.07128127747217;1586.8000510652585;4322.59866308125;0.0;0.0;6598.827491455136;0.0;939.9015484021344;208.84264440190464;0.0;0.0;3417.322110679025;0.0;3167.575397197625;0.0;0.0;0.0;2227.005338917108;0.0;0.0;1947.855426874296;0.0;0.0;4447.7313349703945;1005.2977602953764;5232.307630102832;0.0;0.0;3560.883709848881;4079.765675348521;0.0;0.0;0.0;3984.732879558661;2078.3353067272283;4335.983562347814;0.0;0.0;0.0;2130.424028158809;4682.274979620645;0.0;0.0;2837.4639720642144;1421.2031069555276;260.5758758239134;0.0;1809.3363759226208;0.0;5540.0594085176635;0.0;432.50126663583876;0.0;3919.524250084145;0.0;0.0;3777.596120484381;0.0;1334.8469018954127;0.0;0.0;1282.1152004031192;0.0;1699.7259060960105;0.0;2732.1954882861983;1379.627695184915;0.0;346.73485825922353;0.0;737.0870733384422;0.0;0.0;0.0;0.0;2334.3048185015773;0.0;1760.8314241429666;0.0;0.0;402.3022929930271;4878.175329858946;0.0;1010.0942216114456;0.0;2779.9833890979717;0.0;5879.763987513215;2481.7932420876073;0.0;3239.2973914530444;0.0;6225.550109073809;1236.3854503569378;0.0;0.0;0.0;8558.049246372644;3972.0822048833343;743.1357105001059;1226.6273194501534;2919.0676577415693;4569.302359978021;0.0;4852.506545473493;2891.0484820403367;2295.334085499397;0.0;2898.398350311066;0.0;1222.9773416966382;0.0;5178.959150141752;0.0;2416.593512480574;0.0;6521.548282333384;3988.6945489730433;0.0;0.0;2203.7774336890484;3639.9169429112408;2795.242007110955;1112.2836715295234;187.5051205811335;0.0;0.0;4428.197363246655;800.3295565666881;5194.339184837421;5303.259235653568;0.0;1471.3124765702405;0.0;0.0;0.0;898.6580053039087;0.0;0.0;54.63603331139742;579.4957606683435;0.0;0.0;0.0;956.968604822202;1929.4892255812802;0.0;0.0;0.0;750.5987410151836;624.1088817116796;2461.579937222581;4074.473005428676;0.0;1492.0513795024076;5886.328166705429;5;1391.6185481716375;990.7838553129608;724.9156022574847;1783.0531150536285;834.0458120729651;0.0;1519.061405992133;1853.3678877997147;481.60770330203695;1646.5002725132786;0.0;583.5793905509154;2242.639472303596;848.2830527538823;565.9738475419573;638.9687606188003;2413.8177448086944;912.6518260572934;1364.8090474381468;931.2930196316423;872.2945034105655;438.78118648896896;1163.1192878698826;916.1904753299194;167.29838123053668;948.2455030625864;1459.4678267870886;1020.2890401135523;721.2729910867981;1208.4756207439655;894.9661745496927;1492.9763007103888;1634.2973640239375;30.375999255708024;770.5309831622594;1359.6819236885938;202.8946253898819;320.95169871707765;719.611894000379;1489.7309627470545;8.772656763765838;783.7564650790587;0.0;0.0;1513.8076419405215;1129.5655277807255;902.6343315474887;0.0;0.0;1750.166536693951;169.939183672927;426.57490202823516;739.0734493495563;1373.444786774994;1225.0099514642325;564.3131105969995;812.5142456016034;0.0;0.0;0.0;1192.9161266936007;528.2740250574243;1973.3417814108896;153.48305038360985;1385.2611490254724;132.21264414043492;2490.673275429997;70.20536670832269;1053.233444015449;1591.6153551957627;0.0;66.01794530990017;0.0;2512.9270841693265;1481.3693360201105;1617.548031505494;0.0;280.40534868645267;0.0;349.8533401766114;692.0925305004403;0.0;1019.6781021160564;165.33446802472682;1446.3016435968302;910.9959808650959;1181.7754707937358;130.20421444121192;0.0;1044.1031092580747;1220.2221637268958;1093.1865757527949;1254.5662883216364;768.0507622612805;1345.8510159959576;1553.4010148272312;867.7972696966133;965.526806968898;814.9856835818878;1452.6655045470834;0.0;719.0185215279387;136.46931475742858;0.0;0.0;0.0;195.34546561250139;873.3223343689498;1531.458864841978;1731.287223854598;2376.672563945689;117.3340940178118;1304.8339451390136;52.14629219077713;40.651980308832655;923.490458604252;0.0;807.6083969665599;1544.0660799668508;1995.8088495064678;709.518889130122;465.0735154357279;1227.1623707410927;335.5476810350744;1550.344048339512;1024.3470835082467;1307.417954374609;2021.4760306846485;313.5551378182973;119.39563474748974;1454.3822670219377;499.314918731363;1341.4942293602471;1049.606279842089;0.0;0.0;1085.7191880815974;514.5143094678375;1650.0722484133933;860.4619187592018;0.0;552.0723165041671;552.6899026377885;1131.5685287897322;1629.78194895456;70.7180005460188;367.8530547113575;0.0;115.57474906776207;804.4000532477862;1271.2979001304275;2452.9429073598835;97.81533696255808;1267.2148823602738;1139.3801812563488;139.9934323650239;1596.2561355912844;0.0;0.0;198.30687741075081;769.8444562740158;1699.2178289036624;380.21221901478583;850.9439816568297;886.3085271847278;1841.7075398408808;365.731716293753;1159.6602770450393;541.6322800888104;688.2443573586313;2359.6229839435377;1424.25769382856;1758.4050440117298;1239.4766237381994;0.0;0.0;443.4385828647819;1360.1017833477167;527.6534854658366;446.3881009391648;1213.7863532366978;329.5049742074267;411.6070504264874;1297.9412977916968;0.0;366.20409183802076;1079.1275082231728;2353.449072904709;239.70467444007681;1203.20040308955;877.3819804410604;2101.646698434053;0.0;183.99482287571763;0.0;382.6123953088767;506.92134890839134;330.1761215943274;1223.9783473133466;1474.8841146869488;1402.0088071637522;1613.8038331908926;731.3989334910175;721.8304381646228;2343.919306745538;452.3139916485582;1226.6272156324449;1127.5692527685405;360.21135780343934;545.5262042479515;1245.869548589384;2010.115460197807;969.8791315952926;47.63504941913261;0.0;1632.459149208169;969.0120291095008;2598.2351337948744;584.0513120617861;683.1395754894811;305.74102927373013;1601.3967230137882;719.6278021358107;1582.904916004335;1306.0550087005638;1859.2247186395239;452.4102228630945;0.0;1807.886372160745;416.7503132743699;0.0;362.6470606013228;3255.90067788275;0.0;160.41220058183526;2469.811573170987;1590.0126296403052;966.1401960688913;5.223612663454048;2561.9086614725547;1385.1321328547378;1511.587996912247;1033.8236654314148;1399.6926753455798;660.5241844183993;258.3493250406871;635.9638045587812;366.0538245014977;0.0;887.8380538265808;842.7054631059143;835.177126796968;384.6472636679223;1736.8096662321302;0.0;1580.5878696508496;0.0;1656.4035288705993;1717.4849838133532;1476.4981847175982;491.8300204085125;1849.0205177805842;1656.9841292297274;522.7828895777225;1218.165628426404;330.67934109317974;638.5931273403594;0.0;762.2363844005814;1298.625270198522;1094.0639209681835;744.8935469120674;1527.6326403678595;2492.064745030109;885.880787423873;524.7390822755601;1238.181974692499;1341.0610571218801;865.3191648199098;1393.940681255747;90.4444851921763;0.0;0.0;701.7231612736598;859.7845536393397;368.62146532043954;386.20088009783206;1249.1008272748727;617.2243351129271;545.4665581900474;765.8786718751469;541.0775624094966;0.0;281.5614918195796;2452.11813367397;1286.1361290057353;1567.1608273774655;0.0;1034.2988762618577;785.773711358774;0.0;1831.1189760510724;1382.5288944430454;1659.2218536679127;1406.9725155599044;728.8627493275471;861.7537211647743;322.5180687371361;582.8199646942332;502.5406142391637;0.0;1284.9976462959844;1697.2567009853692;2258.282015618278;1258.1112077398025;539.351418725087;274.27821429380054;1305.4722249494444;1871.0384812584016;1525.722348877007;0.0;978.4384270432566;1723.4534673094377;2401.0928481074184;1295.9358346320262;1675.5250687103476;1067.3324451913;2242.475938535883;2116.5762823996056;1657.813958568997;196.55698763990387;0.0;819.3560208302252;69.53532417945371;1132.520253286698;1447.2026857623746;0.0;340.1743409899847;953.9316340051552;880.5277133977713;1114.4300923025378;764.6882113742647;178.89080572508288;438.1902991262097;1062.9825796064724;172.63216119001106;0.0;0.0;1352.2896638905866;1247.188731101372;869.4174620932788;1680.5605354462161;0.0;1024.1409563810607;1062.5103680597597;0.0;756.1231752677977;0.0;1950.5538682849758;2049.5315547546843;591.253826247942;1396.7384118479029;0.0;491.5705612109629;1545.0717258861132;1002.3939722859773;1959.8954292375345;1835.3129742132533;0.0;643.5080805601907;1027.4401148196494;1668.4289639740682;872.1872470760421;35.459018792946246;1414.422920295658;584.1148926993761;1695.4834812850863;860.5636887138184;880.3861263514598;501.97224989298917;1407.1967061087726;2329.4881564876505;304.6997697589872;1833.9635662685464;1053.830452539285;519.31855382833;1007.6070166139917;0.0;823.3846692232698;1758.5059062869282;1633.3715636462512;869.7344246958176;333.99098146421466;984.2935427312108;602.7049726850288;1460.8709727252906;1200.3464013863913;253.63417861790973;643.4024645327672;0.0;1089.8535352647016;1117.4845368859537;699.9435839234943;308.04503110565355;0.0;353.6013958433506;1724.170885557724;390.91990513936446;1262.85572156229;2104.5654988100005;974.0316697084368;975.950313613561;124.55864351042955;860.4483244720673;186.4072404712136;1293.857025940231;89.3466902408627;0.0;2375.5663723608936;1234.9315481102842;197.057325195817;1200.8202881364016;1097.5006302351358;1827.736857082701;675.442701604361;841.4974290943437;1078.6630661262282;1388.159614473386;1114.9230123315667;1664.5313354300733;2171.6301861027405;1480.3524986268674;1433.7660635846905;0.0;1306.2491926410542;569.2704405558708;1201.902858190001;1390.9101282899471;566.8236354708284;1307.1309019938415;707.3033872193956;1839.493688147084;654.4170233049044;0.0;244.4572278985899;1546.0613689046506;1424.7805121056895;981.5620430572903;1023.4919478400503;1982.938813010308;0.0;2169.746470462906;831.2107452384511;802.4649574812403;335.1390110108975;1103.5957947901163;795.6202529522346;863.9520469410998;1926.0892623578336;1482.5003068800972;1259.5849315903115;748.0717362580638;0.0;365.1044531270168;1727.2741555431296;1350.8742013247672;187.87773648488337;2960.7403161750767;552.8191121292698;842.3235619679324;1980.2596990713446;2095.8569248888048;1720.0696175306734;1025.7637369838892;550.4524972999136;549.1524996960991;1119.3577463403758;1455.3783980630506;111.8941665967346;1217.0352020688354;0.0;302.5388390406112;1265.5952479486666;1808.3846780352399;1494.1055315736673;1808.3103445086554;556.2919494942398;1074.0881843222605;292.7653226519313;0.0;1475.6310660035517;202.73637928665482;639.8385762147192;715.7845426012433;815.7361985664148;1389.3758994370498;960.4123011986912;598.9915837373136;827.5096107184883;0.0;5;4667.114857829883;0.0;3731.8412715326613;582.1461525629568;0.0;179.72833905996598;0.0;1128.7684266507015;0.0;2667.3269949971595;2235.6584190093954;1270.519666963211;5993.234577477658;3255.1976253317234;4782.519449028502;7185.138155884433;0.0;0.0;2391.8258264725673;7733.751208994591;0.0;9054.11943152642;2527.6621839432764;1990.7572597778214;0.0;2000.2959516926733;0.0;3081.092752996405;0.0;7800.121970529995;0.0;2535.283061748165;4582.269386569671;0.0;0.0;0.0;1501.317395811936;3235.313413927227;0.0;0.0;0.0;1444.7823843498975;512.0988506664484;0.0;4090.0171776388706;16.277246512917827;411.49511645389885;0.0;4463.081028332575;3256.810254243013;301.15537614956526;0.0;0.0;0.0;0.0;6072.393941614981;1917.0246108359875;3778.06672222239;750.69850498232;0.0;3113.4401774665785;1070.7950598688694;0.0;4205.982750774496;1466.5041126930246;8336.560738188771;1957.1210075403487;0.0;0.0;1893.9760004773345;2832.1674814779053;0.0;0.0;4019.9477408567714;0.0;2253.0248127973537;0.0;1495.3817350987165;0.0;1397.1060915406529;5510.622679088089;5677.755931728271;0.0;0.0;4500.462720857469;5852.134069849005;0.0;2038.0312567734861;97.03294880485828;0.0;4110.3730234590275;3106.0862554978717;0.0;884.2492542327855;0.0;4152.138561983539;0.0;0.0;6444.68351508311;0.0;3118.8454766051727;645.8499260541771;3310.10498543744;2760.318453194916;0.0;0.0;7108.319360625287;872.1997003845172;5378.089060362298;1781.060632309899;653.7439711772398;0.0;0.0;2956.011667419217;399.6003018184182;1225.5160618504895;5582.9205331485255;0.0;0.0;0.0;0.0;1321.9034895356972;6696.343437490134;861.1791809099718;4993.812575970779;1592.4578831444144;1524.9325973148066;2526.110055901435;0.0;4212.8908672901;0.0;0.0;1017.1910668423816;0.0;4144.467926106877;0.0;0.0;0.0;2318.123837650058;0.0;0.0;1686.3054149030338;817.7802114601294;0.0;3970.732828211094;0.0;2211.317539921121;476.90484420343313;0.0;2925.2341955071392;6196.03347975755;2679.0804719452954;0.0;0.0;1667.6099138193945;1340.019481872436;0.0;634.4563585612577;2080.2394901632933;0.0;0.0;724.4506692349626;6588.198076194428;0.0;0.0;2449.664649007346;0.0;0.0;1269.770918798176;2779.121015617369;0.0;0.0;1848.936964326748;16496.32652667983;3155.695641302725;3071.829476380447;1194.5630116421194;6300.637170524488;1864.1951621149328;1570.4514272198576;1677.0320837494062;0.0;1810.9275609097167;4137.212559700802;3416.2853143325847;7902.549160364654;858.6611530938077;2357.8014305678007;0.0;0.0;4924.556095299628;0.0;0.0;164.70815607834882;7650.934001882613;0.0;1287.2534403443108;0.0;0.0;2446.437956355615;762.4408802776436;3630.4550184449818;1848.3766254354932;0.0;5118.016442642456;744.8056803288507;5870.3871018689515;2785.743114773585;0.0;9242.526867724078;0.0;5664.875408850567;3765.8715070364033;1611.4928177989013;9971.564300936967;685.3021132318198;0.0;0.0;2348.550403925245;1622.385650503195;1041.2754431412532;110.74723571335652;7730.493026885029;2850.389289659021;2230.7910462744253;9571.827830036153;1672.4472862991092;3623.749846628785;9455.949020974418;448.3049361301983;0.0;788.6435646707449;1048.743052501689;0.0;4253.138042353427;0.0;4583.735726457685;3095.577728129318;0.0;0.0;0.0;739.8222268031133;0.0;4637.08772941634;2738.670768673701;0.0;4994.823123930943;0.0;0.0;0.0;0.0;0.0;0.0;0.0;4512.366061469184;1412.288432672775;436.190706219892;2463.883822739;0.0;4461.275867233125;1295.9974777982636;0.0;635.8368966782376;3803.828935127818;7583.269320517182;0.0;0.0;7309.082535728027;1481.1080727039373;1534.3933139707474;362.80804908150594;0.0;0.0;0.0;0.0;5420.070122567685;0.0;0.0;0.0;563.7980867431547;6365.842246441411;0.0;5831.95445188436;0.0;189.9158790858397;2058.028290913918;2508.444457835011;237.5839358451249;2894.8936301330486;4232.733451590198;5691.012492940938;0.0;0.0;0.0;2575.3970210089333;0.0;5780.448048744001;5413.912536149371;3840.151568483971;1257.2562327607586;0.0;1611.580884871273;0.0;2574.5314212726353;3692.784807194325;7131.025029019336;5.710548845748235;0.0;1272.687382146319;0.0;1121.2208220792527;5198.308013912581;0.0;0.0;1457.9058710599645;3825.1410506819207;2034.2869018372492;1907.6480230807788;4455.873572448127;0.0;3303.4056271533973;0.0;1463.240123948161;0.0;0.0;0.0;5254.353988167116;463.90877473689306;3176.2991724423186;3311.108628362041;3582.605758973699;0.0;1943.9306860564573;0.0;1777.7879249906878;3635.913165274259;2659.8590585521233;3485.503455582427;731.5373860756857;0.0;4898.441885480085;0.0;0.0;0.0;382.24439641334817;0.0;0.0;2090.613958919722;709.7068577990483;1170.0797240560378;2217.46398875566;4831.477629264549;2921.401996794537;1118.5702306193423;0.0;2384.71078954292;0.0;0.0;6131.0802843522815;0.0;5638.322634563452;0.0;228.4394675568692;1712.3965831511716;0.0;2327.4533542157724;733.1565738471786;3755.7252504933895;0.0;2350.117460776987;3209.842168071235;1741.5702597606128;0.0;0.0;590.3389283009968;2470.1867550361208;2018.8755873843966;0.0;1348.6673945659086;0.0;6388.384117240074;1512.6947186927466;0.0;6874.5880648163575;0.0;8711.800758029398;3120.475802853667;1577.1105843129099;824.655112145736;0.0;8517.323374401398;3247.3563540395485;0.0;0.0;868.4469383971643;0.0;10914.281268895982;5073.4245417304855;4221.861288660808;0.0;0.0;0.0;1686.1234596735105;9608.272359622868;0.0;0.0;0.0;0.0;7607.453664237299;4833.693247095687;0.0;0.0;2133.789819598165;0.0;0.0;91.96435675780005;2923.966589108011;1102.955349874693;1495.3202981324966;0.0;0.0;0.0;0.0;6669.159697017512;4588.900880624447;0.0;0.0;0.0;0.0;8094.103350901572;4497.274911953195;0.0;0.0;4337.972162793333;0.0;2831.7079072405995;0.0;5067.056502189491;8588.850889805515;0.0;0.0;430.8480131795865;0.0;7720.423838019887;0.0;2333.0244827132783;0.0;2246.622113943326;5790.650906935172;0.0;0.0;3113.668732185763;5860.284269477039;0.0;2535.9311191812412;0.0;1226.7357265468854;901.5799895920512;2746.538408069005;6270.1213380803065;0.0;57.89298812837387;1328.2738375311076;4695.68481192757;7443.734218995787;6443.988645417201;3498.8997942445776;1443.4651436590507;427.2916851261338;0.0;0.0;0.0;2755.2240707838732;876.1950406078697;809.3375215753558;4848.566248484559;4803.876642068033;0.0;236.2020954884299;0.0;0.0;4952.279872957857;2037.831792508597;1767.1989809568897;271.44579885218525;905.813582653866;0.0;1007.6120465163472;7928.1869785580575;7259.4690444274975;9039.460118862766;2992.7780681126624;0.0;9565.608260842575;0.0;0.0;0.0;4493.615173105832;1488.9393430807854;5095.326138600259;10.0;3688.8412453751935;1531.4001867526993;3350.071094088069;1461.073913272235;0.0;6056.864205681834;2248.11107584534;4050.1727335449496;1865.744174602091;2484.972158536394;0.0;2393.4736826133662;2874.3646056457987;1634.679795075228;0.0;2268.650959850018;3025.6180293265948;2178.989454507172;362.2887209969104;67.93144695384808;1547.4258493949926;1919.7113292226952;20.976661949861732;2271.5307524517075;0.0;2174.2908842584975;3038.9088257496205;2709.2192811487757;1787.9824781231555;0.0;1562.5025606393967;2862.549879451308;1550.6415234679764;1840.0518787266528;0.0;3416.8578766098326;583.5711036390527;4512.478519715203;1072.1913523826615;1579.6685528297048;752.8169056936798;606.5493228157131;653.7457912499788;253.9551377464029;1241.890992992971;929.0041269360353;2009.0024994523287;1158.0483920868758;0.0;0.0;905.1795874873567;0.0;2512.323446667508;0.0;357.2351268711239;2470.1025869738264;2137.016885199312;1781.9192912992007;1509.2575108631704;0.0;1722.5811331501254;1440.3478291920042;369.1769494922133;2769.1463667943026;1019.8878354194368;2756.4615248192495;1578.7666231290225;1328.1940192001505;0.0;1301.4975538658755;0.0;0.0;1553.8035251364213;1263.2507969969295;2437.2812618645607;3161.632544342492;0.0;0.0;3436.8246239872888;1136.6544872382694;1356.7429788359875;1631.572256576429;1353.5843718401538;3900.750350742054;0.0;531.2321034664952;1450.0091302083786;0.0;389.96923695610764;2222.500771034477;0.0;579.3809884157729;3515.57633350905;279.1818174068372;2147.6144881651594;0.0;1486.4757549937074;0.0;1198.5106997696307;2665.336718250257;3054.3086578084058;1567.8912985346133;0.0;1043.6999393700578;1565.1634004769644;2186.0574512831354;862.6628725200862;0.0;2916.984981056025;0.0;1040.7165173577848;0.0;827.0155995002983;4236.446292057369;1924.4796864435505;2209.872123988351;0.0;2036.59401246724;1666.195835305362;0.0;2056.9196029861027;1706.9780031116186;0.0;0.0;2627.2360300754112;791.2600982878563;2726.850696804624;2617.7427952310863;64.20624073857866;1081.9808573140763;1167.0091026345974;0.0;3031.237147157032;2124.8060807768147;1268.0727584985593;3351.810784152299;1407.0034946137046;379.72675045289634;1332.920604720741;1260.6438395763312;4332.6173136296065;0.0;2128.2479193939025;3405.196032202101;654.5159844524278;2225.246681448596;4585.7111236037645;2360.4203127699802;285.3079016880798;935.0956480693112;2593.383508042253;2789.4076889112566;0.0;455.96285075313284;4130.276141669723;1370.52846441959;1274.109812680209;1271.3653227773955;0.0;592.8261994616197;4103.873222990656;3248.465054725834;1637.134345418443;1801.2913198698739;532.4618819811544;1110.3276446951406;49.29426027860717;3156.6133761521946;3377.1939864292103;1722.5379926634005;612.2405804749064;1171.563323729573;1946.398656004264;0.0;3219.796917167883;375.2836582588456;519.4454880725759;1911.7887932639053;459.0465303192202;188.3319802012679;0.0;0.0;2774.809083836447;0.0;750.4073955401741;2865.230667470135;1411.1565778714405;2825.164204168601;1948.3445221182071;1137.8333117782086;1476.9083880167327;3123.082202940579;1.79378281893878;1411.707062858215;0.0;0.0;302.2011754489345;302.6207427508818;2600.374974046701;546.7869052309417;1491.7185904332193;410.1418561635023;2277.856602443769;2399.622287962623;2053.723223008269;0.0;1005.2076349526268;3294.5995337652917;178.3998062124493;2901.4540934809493;2763.233509356541;0.0;809.9953266157797;1944.9694362506445;0.0;1663.625630291516;1801.135884218381;1389.8391649332057;1893.511575496526;2378.088518145204;0.0;2739.7416218807793;971.9539097926885;1824.9724604253922;3233.184720404613;1931.4474404141104;4065.548709430463;2581.011598232757;1093.0035980452526;2809.167587330485;0.0;3046.616146081179;0.0;2862.242028598945;709.1792693968373;0.0;3152.747026050885;3663.9181165647997;2648.8741247075795;2690.852981419383;1472.2721332509907;593.5536619579601;2126.7065578159;929.0014829031123;3943.292127657759;179.1004202725046;268.3406531216032;0.0;0.0;1675.8521927465747;1254.1807458280036;0.0;877.2737858427397;0.0;0.0;309.14343527899564;3577.357979679391;2165.188116451788;0.0;838.125479614489;2260.4946248846068;1434.476316125948;0.0;1400.6079046281952;1422.5615068440552;0.0;476.5419154085655;0.0;2594.6675235921484;115.81676391920165;2421.013028668625;1674.9173468561926;0.0;0.0;28.23016860613848;1317.2482368139129;1067.8575799156654;2565.8023585705405;2521.309611756837;113.30550288186785;342.1437887301495;1146.005266041171;0.0;0.0;1645.4940152366642;2377.354775750179;0.0;695.8730963281946;1828.511619839335;2963.2264960154607;1102.1719462930537;1965.2396616558053;1374.2859997797873;2570.8517736731674;5793.436962588027;1928.0279902437487;2035.371857232489;4039.2471403686304;0.0;2384.119801200311;1101.6990568741521;0.0;1879.6955719153461;106.62379058123496;2339.2776467479057;2424.572836214108;2277.196059854797;2468.337377426927;163.51313946844175;3306.5386941334364;2390.677389610109;2664.3248254306104;1146.5377335573125;2630.62287074091;0.0;2983.8595123258065;1273.7963757944478;2745.8415945996585;1633.8540396564401;192.51398773121244;3396.964385714059;1891.222435534516;1816.7338150489927;27.64032431851342;0.0;574.7448996601578;0.0;3164.259445596592;1699.7635508123444;2238.6364535450475;3565.569224683271;2959.1954992927617;474.7741685530512;2961.391316223912;1242.6903117763409;0.0;2862.221680726174;1991.752437681934;1333.9709300289826;0.0;3287.713637384941;1951.3258181728158;3963.9120198049054;2430.849611294367;1587.0651486757986;692.0291043533966;0.0;0.0;3394.223206293303;2806.4355316406877;1784.9585906821305;1505.8942628851246;1001.983942327372;1979.6431532665013;786.2356504483799;4362.4911217874815;1698.7626398409436;3055.9292975541234;842.6036410189771;2737.8649584539844;3079.893571230983;3635.328300998982;1675.7813413789513;1473.1054187978482;2772.912511262889;0.0;2457.343208192156;2330.2640057872104;552.4383630979598;85.87918466857411;2042.7488136762;1989.9092218598505;1548.984159886178;4187.34736172013;1867.4115560014914;2686.6257199437764;0.0;826.2617663953682;0.0;0.0;1430.5425002771094;1129.8620651816432;1700.649074156135;0.0;246.2967237472276;0.0;1207.8934003312145;947.5060384561584;0.0;231.9382667791345;0.0;2891.1181826822008;3492.3988021748387;1954.2806645080927;249.86027917176747;1720.548913381252;1779.0598218154266;2018.3696238621092;1937.640864269334;515.6668898958835;934.7591778069597;1727.6654901103634;1094.2326865311827;1082.2276991022425;1465.3622061554724;0.0;1197.075640641393;1059.1971061230881;2770.758799184779;447.6444101167254;1249.0421499286203;1548.5035958999822;2616.524431936517;0.0;852.8235235620073;1371.9335815212312;0.0;855.9220913768903;0.0;3445.7865842578053;2281.1833996009727;0.0;2206.186153986526;3966.839465836992;786.5273159563308;1340.525749468478;1929.1965407345858;0.0;3121.383808079337;2051.8525390968052;762.3680215026358;3614.345057117432;19.75397151700821;5740.806258712884;1227.0734103508414;4843.272955386488;1773.1535030229777;1913.9076288207532;606.973947109531;378.0202294133813;1211.8286986896655;1475.4345620256595;1437.9819128745057;697.2376154474484;2159.3748927398624;2650.8415633600225;1969.0170072022424;0.0;217.41366983017517;117.57072627554085;3138.138535786488;3303.985895915213;1835.1071501396527;549.6289831849057;0.0;2185.617155913164;3115.039014794311;2361.67213994924;3207.662104162528;1224.7157688457582;929.570422273267;1366.0533104517408;3257.6437990909;0.0;2447.1901354181905;2584.619066978893;1097.1949768597992;1020.6452615727156;2518.5590033534468;1243.1521304449318;2898.600574749539;1175.7950845610649;773.3427396080905;1277.5259661931354;3938.41661883432;0.0;1160.4815431856905;4295.068147199907;1247.5966022332589;38.24295313687626;1819.1455576679348;0.0;416.6385358169349;3055.6278450982177;1214.9299911315818;2640.7231109321;2935.2581061758965;1110.8717977136155;0.0;2705.6660429083945;3656.93929915113;2218.0740020221965;4641.146145282173;2687.8992903473027;602.331906391289;1534.0012414345272;23.549118456100587;0.0;3191.532088287291;20.696468314204818;10.0;4464.967955844303;755.8874766601718;0.0;1804.8523960150633;1624.6007482523798;1333.4176584006286;470.78903332237974;622.7380087864444;286.01254457172354;427.0291409797443;0.0;2024.5811566500954;0.0;2390.567055606779;659.5757168778754;1839.6608144911925;4307.4205267559355;1581.910652557814;1351.523588705728;0.0;0.0;1019.8672922999483;0.0;1900.1793687672525;5652.666709272553;0.0;583.3189907424023;0.0;1964.6028974480253;3475.900213909306;0.0;1028.3452566673227;332.2481367261739;0.0;274.78126269794944;0.0;1669.0886435997854;0.0;11.26442926288064;1745.0376817187305;0.0;1784.435937588642;0.0;2172.7251714765653;1515.3247988113417;4426.724258219267;0.0;0.0;188.8166368294569;0.0;4259.267327013264;0.0;733.5713674559897;0.0;2021.9865613735992;4890.372075483027;5494.275614128723;2748.6737337260074;0.0;4952.031713807799;0.0;0.0;2176.331712054229;0.0;746.2252186615317;1287.9267706253213;880.1024558540192;1547.60520003219;0.0;1575.7731424044514;0.0;2906.0305994132304;2565.269098938741;0.0;0.0;712.5107085342871;4652.143246777511;570.0262822176761;1607.8502838930267;0.0;0.0;925.0435264453465;4612.998351304881;3265.631284901185;384.20739439947255;1510.910273557205;3606.058600824096;236.61344909860986;1124.8366391302984;0.0;2724.088995391131;4034.1382599805333;0.0;0.0;0.0;2046.3656846522927;582.6271273223788;2552.4780462805775;1562.332140061818;5070.450713068372;1052.9607568691945;4725.971443472552;1037.087747005429;524.4807122433988;3614.049686829816;0.0;3203.0324847549628;3576.2520505965995;0.0;3139.100315947523;0.0;0.0;1003.7129092810537;5312.623507768027;79.75612253745635;1297.5832997781927;1419.0750648859762;3650.419375280149;1252.4363416569845;0.0;0.0;3479.364202124168;0.0;115.4024095583598;1057.570779158074;4516.698433710575;0.0;3304.744497485436;2342.114534549587;37.229269944696455;1016.3913375965833;2284.344251487553;93.63080950781352;0.0;632.2405039677676;3865.739012847424;3428.4605783271986;0.0;0.0;978.5346460056471;1481.4199532356934;247.07854431812484;1891.6171070780163;969.6306414886112;0.0;1232.817061699233;1637.5218416125108;601.1629822957337;0.0;3138.9622283359404;922.9663835164727;868.5048948297167;626.7532590263577;0.0;5597.176760579224;0.0;1237.7936406392214;1240.3998800377258;395.964315492226;2500.244905588937;848.253597636975;3958.009590246463;3913.3544840266864;3810.854972508863;6314.347118811702;3707.164272641527;3604.252706350375;4264.150829373041;1243.4917959180564;1056.9866941975833;1423.7795103713534;5291.683159353985;3340.8414306172235;2938.6223257561405;2541.067970484265;4661.5464435960175;1664.7198563550635;3485.524247470589;0.0;1970.5015793734838;3017.0447082851338;1943.5779707033757;5111.679836612969;3487.0959006326148;1122.4284856678573;2283.9876821568787;0.0;1262.1027063664847;6528.837668971562;0.0;319.9791876497112;1640.8395580454962;293.92122508117706;0.0;4105.3115389674695;2577.957840157844;210.00426045270504;31.804406063321903;6473.610248895225;0.0;1098.259938029764;0.0;240.34553533243184;1706.3426675337291;2353.4180339053696;1782.8933625090351;3953.97614805004;0.0;3269.430568144865;1629.6157315241487;1360.7562575808474;757.0040032125294;0.0;50.816714914907834;613.2379859647134;201.98045642380373;3850.1005746048895;2544.5465834199426;445.60712585818385;378.48113171859455;1408.08177689121;3961.8289983364452;2297.427139067128;3740.781051903105;0.0;0.0;2842.0263929081434;26.89721390381385;564.9518547862427;922.1128093765301;1678.6265203393095;132.91095733063736;0.0;2820.3982087758072;128.51944700465765;591.7666266400188;0.0;4020.720601590342;2362.6578810721294;0.0;397.2333220521183;641.6404991679551;0.0;1435.655526716131;2942.9336246791836;5222.732906822472;3438.2732429289326;315.93996522749626;710.7629578915795;0.0;0.0;1710.2644858989438;609.6777511060749;1995.5123127590393;4416.559324996599;564.6983269302023;2882.9196307154907;0.0;2568.6993694553053;0.0;1901.6432756392983;0.0;11.041854939813902;0.0;0.0;3859.3773769483523;3424.082211676997;2812.385766451694;0.0;294.55561835483525;3032.2417513907676;3156.527868065029;2268.1064020811646;185.52329520402577;1019.0725633404172;2013.4828056804427;2171.229285416379;0.0;3774.8260295553623;3536.5472564875136;611.4813790107295;2117.6723736059394;325.1618288365139;790.3688626149215;2814.1891066230846;0.0;1450.2521588817303;141.53173559809977;0.0;587.323772149784;26.29996435486555;4793.912123040209;0.0;748.8956589929916;996.9047428837116;0.0;0.0;420.1359338690726;635.0037878440104;1650.705195853283;669.2476913589005;1681.2091966428507;2624.5260930536833;3367.719722349306;3788.9611858236995;1867.6788203234305;2784.2670795939334;778.3004773410348;1241.8637691164784;2452.3515786255502;2652.4462593522203;1092.812169040224;2183.7066957884476;0.0;549.9015826708135;397.2362235989175;445.5923322478566;3558.1582464183275;820.355085315333;0.0;3080.8803083250095;545.7241486717667;3539.7683806328746;4327.4856764754795;0.0;1084.5397697593155;3656.9167420606263;0.0;5714.5649418418925;896.554664330661;0.0;1043.630972222128;0.0;2658.0027942493107;1938.4265041385079;507.0007214314514;0.0;1429.4455566582826;3258.0247958742493;1943.2950778413074;4485.998631059931;212.72066353559228;2301.402322236157;1671.4702833491976;209.65410152461678;0.0;0.0;0.0;0.0;508.03519683531266;582.9530723887802;0.0;1700.611817691213;2772.2138564547713;2422.4541264297504;4760.406905635087;493.9232323023764;759.2918257244314;4670.451074701394;4345.865138928387;2201.487570069889;256.85063475685126;1638.3731315980672;2666.064147591205;2580.5828027026405;0.0;2467.351110268792;2392.5860019445613;0.0;884.1397311041421;1561.547959548592;609.261094046908;1030.0460679768466;4175.721940016252;0.0;237.34613666058203;1369.0910843804759;4574.801773313969;2381.253549293401;1474.864615945709;0.0;2726.0361774834105;2346.23858974813;295.9342094910319;766.0089276676094;0.0;0.0;1319.7520054754086;2378.2460460486473;4258.658729869361;0.0;1441.6718142432976;99.80859518853589;2138.9307955223003;4108.811479473488;0.0;0.0;5774.670134381735;2709.414917272586;2559.8988900227914;1389.5427852428697;4115.901784295406;4628.949547023509;1387.0623244929554;1756.9224691645118;8349.854973324784;723.9564894639734;314.6251213649516;2002.5228498308431;0.0;3426.6246768280826;807.898089346317;1583.9336881498623;0.0;5265.838747973019;2005.3386014334378;4586.754522776846;1474.5378724593602;1611.6578165663368;2769.666710926958;4167.940760477013;1034.339393486527;4518.9330132493415;5032.818567278629;0.0;248.12685230525727;1967.610185505741;0.0;3467.9000476064684;1636.5570374577364;2616.3542378826987;3157.554487253013;3600.6686049542973;0.0;2537.287775274716;708.7485218810941;121.88431276590563;1444.8722463454474;365.05257396506147;743.1119341485885;0.0;3965.8246314631733;3619.1200037996405;748.2301861769924;0.0;3058.1470873472945;32.11890442858271;1672.6946405961903;488.0953784219297;0.0;677.8200972118876;3450.721186239217;0.0;201.75662944828127;1111.3063098766816;1098.2616295986948;0.0;0.0;3945.613301520982;1259.66582634481;2488.589787552542;1011.7491229660524;490.47298497456006;0.0;833.9755302313138;2050.682454164345;0.0;1138.4294392774432;4298.975613981598;4717.248938248473;2040.167438857817;349.2876889407959;1754.5621270169315;2938.2585591963452;2312.80792407501;244.4114127794074;590.4817016529155;2646.8470877206714;0.0;1383.7284195666878;1566.7064225252686;0.0;1742.7188417579923;63.90238653043906;828.4610110374813;1360.6165578218147;879.4529265265537;2764.6469013369497;2565.401418834417;0.0;2989.1881130902757;3266.6049068306693;0.0;3614.6212735888994;1441.7617031806783;3333.865414175621;0.0;804.0796089068307;0.0;1230.4877843732422;10.0
2;20.0;5332.58395602897;2953.1548436171233;3327.439171126316;0.0;0.0;3345.356651294551;3623.2428551196253;1387.0120559055188;6172.916122714441;6853.033768624117;0.0;3194.576244599586;1204.3501767981336;0.0;2346.7388283503965;0.0;1810.5971981165894;1842.4120040508374;4406.27047612146;1973.8721169476853;5124.007649094237;2351.382327792071;4695.612033812368;1558.7631564341116;5045.834113467634;4740.8367633767275;1792.971373943957;1272.0938371390325;239.43369871066216;6641.192968573888;3197.085938429109;3491.796973186324;2949.22337822706;3431.8359791381936;2959.6296747623055;6807.818626397559;2840.9130402284727;3259.715262391212;4824.863648886849;0.0;5539.715854132275;0.0;10489.649321647636;1902.653305085175;6479.0266581669275;8169.951105475663;1180.7563344205182;4830.85634680555;2999.853150131965;0.0;8558.816271685573;0.0;6527.060961709112;207.06523387319862;7556.808780352765;4644.459698523026;2573.102001792197;1077.5740974443788;2478.514850906341;1483.6653721768591;2903.869912264069;1267.6143362390362;10334.950390616748;5799.828141866639;2013.3278770767154;0.0;2863.1034881833366;5051.698641830608;6197.035970150362;7009.655211894088;6495.228300058096;1175.836479024225;0.0;3143.0005081260924;2980.291661639316;3540.254693322781;3570.5048042723133;2229.466747432647;0.0;2321.4451915896625;7059.189930965268;1175.5559426750635;2660.021526675413;5939.826137968968;1124.3673813345779;3163.690622916129;5061.095126885708;5471.623517608604;2664.8268594766423;3850.591789383828;5284.200959972379;1686.7702765349316;1567.9321269785535;1958.11401393932;6714.561351430359;1087.6164056148243;4183.864082547989;1171.979109800916;2116.1415186815493;3343.0382558683946;5141.995397960018;2847.390503957649;2178.1362465693296;5727.788067890893;7721.24096167494;6281.881303242724;5624.856990577113;3137.073954193796;4508.646099248736;291.6765299493132;5122.904959721912;5124.655796793789;3124.847862731986;2789.660577258461;1710.1567597008566;0.0;1272.3972633043688;2576.8893678051973;2982.7620666469375;2513.947179953145;1779.3293153230645;4799.465591535068;0.0;1378.7485113799225;1608.015354068858;0.0;5730.294021067689;2715.8185201909837;3436.5434158316443;770.9875653374777;874.0289683738918;0.0;1260.406923920353;3606.290819219096;0.0;3393.0233554231263;4764.569745723811;0.0;6296.016671124149;2445.2072974291805;0.0;2915.4975062959234;310.48392419516995;4418.9445845766795;5452.179001179863;914.7185568924716;7889.844743724582;0.0;3725.246047448173;3081.24282185138;8252.494649265225;261.8511712558929;6146.391489000531;5749.959026865708;5589.144829475143;2891.536530538324;3327.840341121593;0.0;7637.500257556226;5653.609722920833;3252.881454636455;11844.007054066875;1129.0432192720666;2646.589981514791;0.0;4400.06807181244;5747.488149078951;2160.1588612708993;3056.9460535384387;1940.4452138209078;1696.5628026331067;0.0;0.0;2239.525052612211;2810.9908701595905;6728.947525866698;3383.552410862856;8328.11715502878;0.0;3975.359704242432;5320.523189930341;6044.13053525445;5349.494895949646;2029.718035754198;4516.475106821225;1481.1270083745785;0.0;3411.4735287578997;2073.545146052665;0.0;201.4687922496137;6676.5864861257705;747.9035939534317;2865.741186799709;2580.2756767857322;4758.448498637474;2537.546050354605;6966.2573255059615;0.0;3083.6088510104773;2430.1765483457625;2808.6493765314417;1018.4209374804744;4371.8313137513405;1682.6495364175116;5306.24467124193;1283.797123279845;0.0;5740.603761283801;5601.54970132746;0.0;5169.883125270619;3667.772133228265;3085.483077082679;4046.377205645228;6402.093826263308;2390.99794582946;2147.1312501265875;3257.6849802887964;1607.2767449996525;968.5958965166741;0.0;69.84743778232121;2685.612981254769;1581.4091946679782;6626.026111975647;1138.6482011083135;4840.795738615117;5872.972565338872;3320.4229969803005;6716.130236988501;6321.575601298084;0.0;4091.310094280413;3721.248908332493;4100.540317152161;0.0;0.0;0.0;4715.754477654772;2081.4016666105235;4935.419312279542;6546.107519540931;6871.91919123584;3683.555509993291;5693.404049610688;1609.593873522747;45.66933276516761;1769.6095152408334;4799.670168921405;4188.500792060727;4413.707196997269;1251.4446878202914;0.0;4149.460072952564;2926.8740391975025;2996.5271799703314;6608.851251465881;0.0;0.0;1548.1680240055289;1049.7526363669333;6052.950428381866;10.155677955925398;4313.0983751029;4135.641937659549;0.0;499.48868838441126;2189.0773372387484;2057.6517772475518;1277.8865093403213;1166.771586996656;5632.884718293974;251.48839905168543;2257.192631574684;5098.064975101105;0.0;3087.3081642169905;4201.428579183441;0.0;5081.567964010813;0.0;272.05965006421025;4197.7617953094095;4465.2831552659445;3988.4476130027424;4416.2936543252345;3159.4981401238715;0.0;7855.736064434291;0.0;6515.29986974321;1119.3890555945072;1623.8033404024554;3841.485380880292;2019.3194473008207;1248.864720716676;5902.780762466735;5960.372466112231;4151.6461427401255;2105.328940959301;4373.594575517227;2394.451481843258;2571.452785268289;1140.1461988860028;420.1896915757016;6358.716350069155;4867.173061263014;492.41893582486426;5597.081782475735;2044.435687506856;4129.607842802621;3047.639184971102;3922.2966399723027;2655.8135828617624;709.5920499193193;199.34416370088212;1237.6262329514916;6818.00236822475;4043.149046622613;1337.5055680164005;966.5681698822921;4509.178728303515;429.21109148693773;5148.380335502312;2214.2714596985293;0.0;7233.048129584063;0.0;2104.084204860355;0.0;836.2524628461122;0.0;2402.2266067767764;1729.6970559061701;0.0;774.7867249834833;4924.813914615813;2624.978053997604;0.0;3218.5694325745044;2135.945584128774;1021.081493237994;0.0;1077.3128870788064;1575.545621379449;509.14878759681824;5833.152799951463;4824.605716727329;2176.639128798112;5104.133819716508;9325.545374668327;4906.639882680536;3470.0556393691772;0.0;2672.4645426377306;6031.628666795896;4833.98171462846;4530.395662733939;2700.4796494787743;4647.980336200815;3875.299703255893;4251.496991568847;6365.427445721645;887.1053461283301;2092.692676276166;828.9045325412477;1269.949672618915;3024.4445722880373;5946.320615311794;1269.0281911152238;2916.0436136851367;5772.750642096256;7880.349356269716;1334.3091848611336;6013.9627370535045;5198.572650841104;5394.847377082984;5556.226620826346;5078.947562200982;6232.682369005266;0.0;0.0;702.7790544572574;0.0;0.0;1072.3728178173178;306.4748753049668;2392.2428790440053;6848.648478166365;0.0;4151.617670876232;5817.128609299947;655.0833425810621;2834.988958012213;2314.0145534105263;4816.8112738798245;2413.9425610382395;4590.3269167902945;2565.179384272696;3014.5663309201946;5070.851755901064;0.0;0.0;2866.965866702331;0.0;3506.106089260263;5585.121852391769;8779.097081473907;2374.2483939487147;4675.273826792629;6994.438211409883;0.0;5762.2820394422615;0.0;7921.640663511355;0.0;1221.738079111969;5628.711640282965;7348.3484082516225;1653.7625418640878;699.161350854721;1070.9372709098893;0.0;4898.808573526799;3428.5586200956873;4377.067367751893;0.0;0.0;5143.993904015389;0.0;1156.8493352110283;834.7783288566475;1596.344110347659;1595.2825071643438;1825.9707042667112;0.0;3592.406907886513;1264.2111208972306;4417.241119625827;1030.3437126574247;1681.9057996309384;6344.485671825338;2837.0392211967023;5649.370165628801;4503.950402735771;0.0;3716.234868796676;0.0;1373.1914429505198;3115.5201874469285;1190.8737121528402;1822.835213556076;5227.761855658772;2595.803804407247;0.0;3353.1248833077175;5273.577871957858;4958.482666790026;0.0;467.5890587581456;4710.410263955571;1797.8826812484222;2274.146099084207;3529.0938568451757;3280.904505212614;0.0;3755.630181379911;1585.362089170174;1921.5119810350989;7678.574525282039;262.9149390239959;182.93548739924358;1414.2657980688125;5219.245186140775;2518.345896794005;0.0;2318.887935201934;3376.1339238361816;7413.486229051601;2412.9566343025376;2522.583913207515;1414.9020117417613;7158.055358775277;2195.024615390391;1507.7598565847825;3094.2189831944893;5825.619117939138;8060.8424685879345;966.6593155959508;3198.026483796735;576.9936572520762;2941.4982706325404;460.46830588892647;1850.306154116456;102.93235672911031;0.0;1192.6713635607616;1247.518030864694;542.1454727611953;8901.240712179868;6766.9059949511875;2725.4874431994995;4635.192232245982;5993.060834765554;1883.9854168127265;5440.204310225113;7084.155091171208;2706.1093129888322;2868.7545887084143;3532.402886346353;5812.521710123511;3735.1571729939033;4411.732324198177;2916.8191100355257;1272.751954947659;5261.882666963787;2633.816613452625;5643.915537407442;0.0;7152.2365810979345;4642.214680164182;3873.782983565332;4437.355262238873;2507.790686466462;7292.1148312981295;3053.27935583223;4109.709777672044;684.2938568425858;6089.769671878116;5246.764498798873;7111.784721778633;4483.976677506291;2758.41207458426;3075.10123364057;1444.0217621501045;5591.032510410942;7599.538493497336;5299.634617986625;5147.194818399786;3467.0735104590008;5414.9512911893125;6926.635855620487;5963.978180482561;2812.5221122139196;2894.840286446857;5585.0213200694;6549.60174268198;5076.518375335692;3425.500949670344;7089.175459333678;4241.126778165486;4141.371408123042;1376.3337904905588;9021.160609064436;4578.465645421372;6869.640520168274;5368.016047408295;6984.400337527826;2646.828358375668;3270.41710523239;5284.096553549072;6071.132112475837;5277.565174773312;2755.1535107051554;3960.7030847892775;3956.980551143178;5153.736365329958;5239.101859216893;4037.666349075657;0.0;8679.483805933334;6111.285269920553;5890.817596756829;819.5074939241899;4984.675511367581;3482.556034672217;5154.313808572042;4325.422973268032;4484.813152455461;6681.248773573492;8052.386533256325;1989.2540054470817;3499.329355065512;7397.151786220681;2886.6626381598326;4893.372327662716;5132.055220636337;5600.645462432537;5933.939290374865;2897.3157793098962;4723.109008953576;2557.738827254509;3930.550716866082;7037.9741640282555;7823.672548598532;3297.2594063427227;2055.625712925262;8688.09754694973;7429.100260877587;5299.118027824535;6222.951121254017;4785.309239258724;2717.1089968707347;9051.244481701217;6066.058288229448;1749.5159341558394;2314.726653835188;2131.7931141120253;5957.525996887482;1676.3141314442707;4745.661669888929;2964.6293052179444;7422.3956608669705;8076.271249772688;2232.8669200727268;5368.457844199497;7297.662944957256;6899.6956753115455;5611.215080000289;1063.7219762484815;5238.985576000916;4898.221497587223;3650.3894506005845;3640.227964578692;2927.0714823483772;5774.952466996844;1764.104836795318;2901.484793999331;4455.338125197639;8018.053158299241;4651.085798234411;3952.766149658626;5449.5850257382235;1148.5643060989275;2919.0303084617467;6279.080099162885;10164.396221366009;9109.96191329334;5220.250062871165;0.0;3817.88813720517;9325.564703929516;1541.4123938502871;3455.371802121463;3754.574717477495;1847.752659409487;5942.23101067571;6994.989463016945;4840.85096709648;5427.533725974829;3869.826612587669;2209.4610047935557;7054.367284540948;5931.744795471651;1232.2305652074192;3728.429911417952;6487.865360378423;7148.03293218315;4155.100715690935;3764.891967304544;4751.78406534169;7993.4326095367505;3567.782557260441;7656.761187770582;1810.3313651636608;0.0;2646.2098022616738;6470.040910196605;3788.825600288396;10440.286356280849;1526.4133182207354;3870.4746239939423;26.277229173227912;3399.642090363834;2809.1610173360546;3397.7631623422485;0.0;7229.006276665798;4682.8648102410025;5300.867870464845;2458.316324490804;5189.612566676082;6726.33456350617;3147.125880742415;2910.3559865425323;4439.588568172168;8033.292593606247;0.0;2387.025440456679;2112.2332425868835;5697.213507118162;6234.775070967639;3521.637673614183;6523.01704320385;1980.2096591087986;1706.8045128293675;4098.980266915154;6731.490947208118;3888.508691531411;5285.04252540948;5838.987186197756;7224.873061004642;5026.38559440425;6025.158726306483;6194.8349504641965;6207.924756560955;6838.677365654969;8902.573031632412;4166.521325935441;6004.662476620739;8100.917064456631;7227.092151972117;3782.882732158656;7122.570025446235;5496.886400168777;5581.251529177177;3945.678361892677;5630.741344909777;6132.271101358702;1382.4870378935798;3056.289414871178;3433.687430600476;7992.087152158648;4924.58281674909;4711.654522482649;5880.090744556799;6647.6983489920785;2778.810840071359;2486.871038127103;5767.614715144432;1243.8351723034693;5754.803956906068;5596.865812134782;3036.577304261189;6591.121308666436;6406.866489020274;4207.439930223575;4786.747154548396;5796.100999494322;2262.800802038515;3559.441979445962;3404.052888673781;5961.5679596643295;6308.153055965656;14.311891617944413;6475.352964372524;6892.505125422187;6364.211873253131;1680.2150129834265;866.4813403577726;8300.84813811337;4932.572226452551;6821.7687463178845;5804.796761376144;5319.535266812085;6785.207001663135;5344.471079519295;4256.064472395411;4106.147525272531;5119.566023943706;2111.718801435476;7763.528031302683;1988.1820483218853;7428.130518157802;4470.537775532998;5439.813471784415;8343.548175646269;6445.433393278127;3508.6933745301476;4418.358030694619;8471.205858849222;4844.9287573444535;3781.0039424843126;3790.691639996689;0.0;5715.644687235139;7508.5787658927;6587.534962856898;2606.2478612309624;5081.674690586187;5185.7702633218605;1661.3096049418673;6936.54617476937;5399.008327070785;6194.867268568425;4443.591415960834;7802.0174490642485;569.1771302519007;3668.7092027275207;4459.129322277498;4368.110280747381;4610.244078146852;5696.920724658998;5579.878592954256;7700.074711793557;871.2710704289514;4829.918944728868;4043.6713340020574;1331.8091651496002;7957.454352677427;4652.997041744565;4337.8097005096915;7446.148705777404;2680.632746122497;1840.5937585932932;2174.394849012692;3258.0453007841106;3850.971091278288;6422.071722056783;5521.402530631953;6278.8680454347395;7101.682395394287;5107.965602738786;3621.925387616353;3865.951073535799;6363.52848821694;1932.005918513754;2555.5185731180873;4465.012046068442;1045.7145181798437;10539.291991985025;6700.85906270044;9896.543403648426;6905.9564156827955;3971.9099785202948;2575.831613097428;4122.197290519549;3727.632258088632;3150.114079630486;3830.035884616783;5014.967536180462;5467.7008070587935;0.0;292.66045785703733;4372.648252745698;5573.568579444231;3071.0538622312456;4796.684106932321;6907.773855578079;5688.428179713551;4112.5103076048745;480.7567471146258;3136.731379206501;4225.598869908436;7007.814152510385;7789.726199805385;5442.435531098148;4945.538270983197;7920.929420348332;7160.951513368209;4725.1027454761825;732.5022268579038;3726.0557574125733;1561.9132587908514;5652.672590618558;0.0;7408.617608105298;4682.834553291639;0.0;5568.306576639972;5739.790897000493;889.1195355458976;3904.470008802196;5267.679864477834;3419.125131529342;6040.441593723426;4899.580730134023;2183.854359040606;740.6715631671817;4593.097557586961;3860.7415756461683;3137.0249708669207;5351.057664572734;7670.632899059464;5867.946258201748;6369.9496576050915;6757.578963401211;5329.064915621229;3944.342904562851;4895.868751389384;4601.379160727535;7039.156938793047;4819.810373638968;4008.0439008238127;4259.760210738373;2748.688520962909;4796.3869209740305;7078.910863284128;6040.56847158698;5173.24872785407;5040.50093522114;4492.038565852728;7652.585865671019;5403.425544830374;538.8812855166213;4205.598261599336;2168.5232241557183;1553.5410658420028;4766.044081747381;4115.363739338425;6246.525505724764;6032.334029952927;6491.19285848472;3163.484567067584;8580.001875611277;2379.504674670913;3660.4546028745317;2809.365879611387;6269.2511366658155;4864.434898781342;7041.697859768594;4912.626740039922;4148.86800073185;0.0;7184.598842111812;964.5630866409468;3838.944838143856;3437.1647773046675;2129.147179594709;6088.681051838333;0.0;10083.550661960859;5004.3210761692935;2964.8413069428834;8103.9374443256775;5408.86498005817;7068.854314881352;3765.559037840006;1718.078267792751;5532.392712666813;6717.461081457434;3003.527254308256;1081.0551131264456;4279.379435956127;3714.579152862621;4798.393232009881;2735.288339076493;0.0;2606.621128416261;6123.641428319512;6507.010639040615;4754.358043063606;2977.3710217980733;3898.7654196787157;8164.732890831157;6267.374779824981;4787.068288528839;6210.3144650552695;3672.3391584275787;9268.136642788819;9524.878725079914;4214.3992439874955;3161.567254055201;3091.4752674937263;2737.153487394497;6502.132754282826;5161.861673811634;0.0;7995.420954983436;5167.369777820454;6163.608870268021;2155.41994964296;3941.6750212171364;4599.212201486048;0.0;1793.3771175900201;5249.1131338857795;2083.7764588783893;3365.7516733542025;6008.57249358231;2245.327683869852;6681.955081181599;4164.045695130137;7180.594324578615;3514.7757542695567;7834.990821599491;2943.591705200064;7309.430061166707;3028.410544376012;3676.4492262526674;6992.851974560955;0.0;2822.3640240673876;8463.05779651937;10707.6920162813;2067.6587181548275;3154.2236970443732;5485.045452349309;5680.202533654458;7296.989771331066;3404.3030221499866;4759.803403270751;3646.3465173257678;4259.300877751799;4503.1243402547625;4800.213231744828;7167.263295778963;2301.951167240669;6724.6704609028975;20.0;0.0;0.0;6662.466382534415;4981.110660050606;9482.609408678254;4029.32132314483;3507.544909589468;1783.471797487734;2954.906936169728;0.0;0.0;4959.866636098408;2883.113762763355;1761.6974625150117;0.0;199.22660093127263;1591.5278790451487;0.0;2672.726304944446;0.0;3886.3736794920064;3339.6321564311684;1998.114462655779;3700.575088059661;0.0;0.0;601.4968013724667;0.0;0.0;0.0;6750.596267436888;0.0;0.0;0.0;2652.2044946265837;5130.8913177123795;5660.368436344513;3986.340436057543;825.4933048157768;1224.8026390005825;0.0;5922.899231708809;2084.0136638078875;5126.637391825835;6114.007140983194;7898.540369865653;7018.048140614519;4738.634770744537;175.92463610508344;5427.407274655102;0.0;2161.7296496727545;10648.426431997768;8656.064574057295;4171.4124025356205;611.2795054702299;0.0;6713.790672010196;0.0;5237.888054674926;6757.3268292910425;4548.596366550776;3528.5083051528754;2069.357379420804;934.9899123773661;0.0;5593.1386051396385;4715.839371311779;0.0;0.0;7185.25021146257;2694.215642707596;5991.512875406876;0.0;0.0;2864.5729391638843;422.4678074135458;0.0;2009.5571856022293;7689.052513120743;0.0;0.0;1449.7240694938391;4743.473151804611;1187.8521998660276;6874.651023758303;2005.8420062117025;0.0;796.0868931702814;0.0;0.0;240.8617908272607;0.0;2516.633064610458;1463.867680936119;2718.142330557969;5545.654141859118;3261.8508471998653;0.0;1327.180685202566;4618.755756992286;4578.598636389495;0.0;520.6596112516925;940.1793318931276;4041.564696732263;434.025930353438;4820.964555913322;0.0;468.8822874488195;2590.3273443617927;1759.6780101559052;0.0;346.0061751790484;0.0;2468.928069610228;7536.677521141339;0.0;7841.397908977579;2022.3808391374203;2973.495554534821;5538.374645202943;4334.8854493695135;5485.895740248914;8968.847621881998;7332.947781362228;1513.2760756814114;2713.64465995534;6935.043834820217;0.0;3165.0976861862105;0.0;0.0;125.02331569417886;3616.7682809228218;902.3063751088143;475.52653830755287;6873.16959923186;0.0;0.0;4187.906732541588;0.0;4840.974327128095;0.0;5142.575542854957;4285.536155674608;1552.3958360971335;0.0;3534.95640442221;0.0;10289.092187135764;0.0;2994.156226520121;0.0;4605.117927966266;5420.0681894514755;2570.2264462949734;2026.080296025805;0.0;0.0;0.0;0.0;3732.424872718281;0.0;0.0;0.0;2985.149013525957;0.0;3186.334252558468;6541.618602761942;0.0;2642.072091872576;1024.142108982861;4366.244400695918;0.0;2027.9398725246826;4917.569198480868;0.0;0.0;5264.8321751799185;2850.8395468604213;3447.6737714638452;0.0;0.0;0.0;3603.063412413894;0.0;5920.792606933732;0.0;3253.9939213505627;4767.243943933751;2520.7279526689404;4557.329263557107;1689.7837493213365;13657.633533861135;729.2920655677335;0.0;9866.941609857171;10540.499233102064;2622.3040919998584;6732.802232457932;5434.006470111071;0.0;7038.807277745979;5591.316905272362;0.0;0.0;1819.2746984383007;4076.896673962357;0.0;0.0;1487.2647277473352;4368.446724938521;3626.792299807932;1892.0681980894367;0.0;0.0;0.0;0.0;0.0;0.0;631.3238920665915;4925.293800388161;0.0;2205.7579795529473;0.0;0.0;1265.5653315558407;0.0;2175.4652510014303;2906.8433818994126;12623.507507931785;3211.0708913980193;363.70355220652357;1494.0022037808005;0.0;0.0;3429.3835604795713;6880.014112340681;9085.725923827697;0.0;1546.6064244788456;5520.5244629799645;3197.2433110605257;0.0;0.0;0.0;0.0;215.7387840530289;671.7137523162382;135.14349058222928;1403.8332740381402;7138.446119897295;0.0;0.0;2091.8880001919324;136.2688715103264;5982.394602361507;4190.952830990067;391.84964529982597;3384.478867149733;0.0;1530.0761809406374;0.0;2375.311548637739;7999.4191085341945;1253.6455250848276;5830.5801704147825;0.0;5970.366532388831;5744.549241507548;0.0;7019.774144693903;1918.291125999748;7951.155239923061;0.0;0.0;0.0;5900.080371706043;187.36293213789304;3002.407327351721;3398.990172712181;1633.182250901247;0.0;3293.677582372704;2716.226469022551;1138.9149182891767;6048.799563287374;512.8097471171859;3625.742328276029;0.0;89.79187164129179;0.0;0.0;0.0;0.0;0.0;2961.661289922078;0.0;0.0;2129.5083223410375;0.0;2584.5694287656893;0.0;5305.360489215979;0.0;0.0;0.0;205.41839447123334;0.0;1115.8686327827222;3198.6426855294994;0.0;399.37287753372976;0.0;9404.358571321776;4160.116036850733;8700.834801519355;1816.073739647868;0.0;1830.9035778552707;2799.3443359549988;4853.592102503197;2908.772958011002;0.0;0.0;6482.842566343887;7637.466495042383;0.0;0.0;4373.041108068801;0.0;3500.208185047629;5695.078712165553;0.0;0.0;1296.8926043618694;1430.6586489305364;3748.8690452776395;0.0;0.0;2133.102127231685;2286.9969088685284;914.5160292899981;0.0;6694.0438727890405;2175.533900992189;75.99539658286949;1638.353519528591;6001.647711677478;0.0;0.0;0.0;1927.6261599616284;8.954857906418596;1443.3903081260082;0.0;2560.234547922933;0.0;3347.0494868569767;0.0;96.96206145505785;2665.23191584596;0.0;2796.210172859073;0.0;1909.2250675336554;4903.467573803578;0.0;3776.8476045982393;8089.101526281924;2033.6532045959045;4952.653765886575;11095.875427228797;6062.61768490083;0.0;0.0;8205.137924964918;3660.615007813129;10563.775499220672;1210.4136016803245;5934.366363051697;751.021169450275;3135.0932029925243;2265.1916569970667;5677.2632227978065;5135.688985283352;4693.37620239474;2597.0302822934727;6631.001753536551;4106.41225406882;4390.011438660788;2044.8787357974256;5959.4700357896445;1023.4335667945863;3115.2449418455158;16.212398353628313;0.0;0.0;0.0;4086.5633516709363;0.0;4269.51835262224;4649.884309602089;0.0;2129.0461472582947;0.0;0.0;638.5413254376568;0.0;0.0;4385.103343686422;0.0;3651.029159004913;12273.76967389415;0.0;98.94611424777132;3685.740049297731;0.0;1453.4288510358108;0.0;1949.3359372853952;5355.738802813811;0.0;0.0;3800.766412133835;2309.916564553879;5847.7909098631835;1125.7680089644666;2202.5291949352804;8444.291689155398;1421.1966667793972;4633.3596591706155;0.0;4390.680261033644;0.0;5011.901561112965;2058.0120391305627;1319.0989658870865;6764.246496680849;210.2849963764391;4888.3643017232425;5625.251135499638;0.0;7186.694418472917;3824.7064043819664;3505.3987949978887;0.0;0.0;50.944002582141145;2082.048708203284;0.0;4237.891887076634;0.0;0.0;0.0;8291.441025704007;1140.9637648859045;0.0;415.3983542826196;2789.6541777125612;8770.002723048918;3437.384082833665;0.0;1006.8562532684982;0.0;2284.760732556167;2851.363228357088;7578.062722373875;0.0;1262.4544460825975;0.0;0.0;7002.348762723101;0.0;0.0;559.5843559428913;0.0;0.0;4909.521861734674;1771.0030643787916;7924.01143182255;0.0;0.0;0.0;0.0;1038.9655656501586;1969.2716627715388;879.8857592549147;0.0;4621.221501876343;0.0;7771.677495669587;0.0;0.0;3985.047908315707;1306.0451505137814;0.0;4192.344644991059;4402.591722247254;10;916.2553641555401;678.1241026613433;358.5199979158461;1214.114905451207;534.6445843748971;0.0;800.0027535389504;836.9083040759024;358.63205077049327;748.1041794035042;1030.7188078094032;241.43265926109143;1162.981373891857;865.2693443800972;386.34116654441374;761.9336568819698;688.9900959694883;751.776058512585;0.0;855.9872770770401;418.8468912903512;869.2903295928483;935.4090459975588;0.0;396.7742798053861;1125.7468290138422;317.0416386805642;392.4716450295319;112.07746191326817;265.88474229613536;893.1364472005083;945.669849045676;176.62035450862155;261.5354139988003;1203.5429632620067;1035.8296134046236;0.0;709.0548252321762;804.1922502092224;739.0990080765331;0.0;943.1993040269293;0.0;0.0;892.7628978145935;1014.4574462352347;752.0083761222243;374.688443662712;0.0;418.2628508514409;288.21521649780175;1003.631603165248;1097.5190292773395;641.1798048829901;895.5883528510938;1074.0072605403475;494.1614823336584;98.0091781890547;110.32989515382772;0.0;897.0816599623313;604.6342590042467;1451.0117675826934;532.1988984811742;713.721850408314;553.1643985082121;1128.9450871104918;315.09499572306186;1955.8891512429266;1142.3373236446334;733.4610182346388;517.9655718446669;0.0;820.2975303230028;654.5374362834348;0.0;40.21740827647199;377.21820271524217;463.84101769853964;942.08493953657;145.44326518613727;194.76653750024101;595.6575125884617;251.7889203745371;1261.0232014417454;663.9932205971579;964.4055019150212;486.4667977615887;0.0;484.8701984469848;467.9797100140509;0.0;978.1215999405065;1085.1056442822362;529.9348960108447;1083.3426335110066;250.75180049597046;1570.5333353043964;648.2781996830242;342.7207308198685;1125.2968273625038;110.28791663678184;0.0;88.41142464811598;0.0;281.0160792912759;319.2555039552993;617.1035236570344;1105.6994475954514;456.4632382555864;1356.6584086169714;351.4108597687567;637.6600047988853;0.0;165.47412665716155;962.146671493094;224.20637582161712;910.5508540273346;733.3408366011263;956.1164423088973;319.54174146173693;1038.7654057955888;1138.3964998837296;254.43342785603008;1050.0130762556823;913.9682986637953;1200.1793201645794;1072.556137966178;0.0;245.5413244767521;350.91016613007037;371.7494895219004;330.8918898220714;713.7568538098699;528.4697748349886;758.8228502518303;303.5075231315273;329.83952332357694;834.8590507439322;175.2206468809002;356.6403365650692;271.96626824383264;0.0;420.2945393482256;839.8260093408596;0.0;0.0;0.0;0.0;729.0467663659961;44.88737702492381;378.74612402092004;553.7153523214047;901.930549017023;1078.0457971692294;561.2009101663185;1009.8389635207187;241.49299694764682;0.0;14.410849528516504;1202.8644130153884;116.73869762434151;0.0;487.8391505972728;371.7324950414682;1259.7706178975773;674.4507523743582;166.45646683651128;1420.0772677914215;358.6452289357518;1289.5195774017045;788.6595430643445;1724.5518035403977;84.57349601741406;0.0;0.0;466.6171397493512;0.0;554.6832254872841;182.72793340137082;816.1364085335083;10.291662504707961;502.5379163274655;1855.7499580921328;77.59331721030551;0.0;80.8006426158838;1379.5233005095236;597.4781034240285;462.5680457424253;850.5655535453611;567.5707009454594;172.68104811758496;0.0;133.41236095447837;0.0;0.0;493.6823101612959;957.3021772092976;0.0;986.6602492261952;1300.8110790245814;720.4895637515657;0.0;1324.6676795346093;591.4689271601326;283.7794211628536;952.1278351093644;542.0127621889129;256.90948460088595;662.9033001680958;977.4898980337796;1482.3207965240226;411.2678060317722;282.9463506281675;0.0;392.8350553458428;1311.1967796908384;518.942864995081;552.4752371934036;376.76005588983344;1251.698745378149;737.090910720798;1637.713930197307;290.00522055923483;405.1715127091779;1079.4235653017547;424.7787347073056;875.5058527218021;630.5182455938852;222.90299763519127;144.0884043761438;1308.9062402911834;0.0;482.25958402482473;1045.1934644560774;520.2888032477127;737.1075804099459;616.2495928628156;821.1523391267121;591.8297925532485;760.3839874820129;896.1220741190234;767.9724130274537;0.0;290.28035888772774;637.9286443352107;0.0;482.16922886472105;0.0;885.9563054440637;1141.9906359718555;930.040940095596;1464.6570784062699;1264.515594338027;747.7170058230461;1086.352465761943;1363.400038073338;0.0;524.3315509318317;0.0;0.0;960.6797685307596;612.5212192222721;0.0;220.9086281698055;0.0;0.0;491.8977655303617;779.1277277053249;114.76578968419994;502.8115161246582;285.9897418088903;1052.0173954026416;811.5975709833373;0.0;820.094888670656;1020.15139772543;0.0;0.0;0.0;0.0;351.1883273844352;607.3377055916068;75.18024682108526;718.4146985382329;0.0;581.5580149396956;482.69450079887565;713.3145708001501;514.0596182422825;793.4054069089833;477.47864992593736;911.019971005288;1003.2744893904103;545.8797575028929;1427.1346496637432;288.2726700949937;1176.9656235616544;1093.1102645839348;462.066790905005;619.362057880215;375.0219814926032;1160.0230411672044;118.2204879671965;1141.4296430100478;711.7853712641922;525.1791384150428;261.1139515834309;873.1826244123962;289.49234869970763;416.29546635459;1773.3728552310602;307.33054474465246;611.1615252034549;315.24509187798316;1085.5429875156826;782.8041007454027;1333.4882394390736;571.0395412565813;142.5103826634641;1204.6250042612962;762.7153676688156;1009.7930568603156;547.0333085116134;385.9631735145311;640.3722486728452;1023.3107293105284;1058.0546201643936;687.6571453761293;799.5715816909857;672.5073611662885;112.80647670463131;333.94815054454665;1288.2875118819052;33.971975020239874;92.14578196234018;0.0;748.1342513831493;99.5676709102505;321.0497840363888;640.5278454598932;608.3096199803931;207.34120429874343;241.31766071765648;0.0;445.5595490480626;0.0;0.0;521.1310713449816;391.7800084518634;1108.3077670511852;45.54747652120059;405.4061661476555;158.94579856857354;191.41700670559186;174.14618123058784;0.0;799.8374379452084;1629.8299523306687;980.0545312380583;137.09353122375916;264.50942194874904;344.83149189295165;762.6365981151324;196.6167127085878;1125.2813710713442;659.2564698274745;158.3405430669828;186.58691769368028;427.9978154714403;0.0;727.6196689680811;780.5507083148003;75.80050113942224;484.9079415143996;762.7849312618022;1116.4360040263794;172.8103564673139;870.6779161970917;507.0697504577994;1603.686214526976;0.0;874.0930045492273;761.010579091954;298.8216972741442;822.6089236793547;65.27477496237043;1200.9818086268485;683.6350108529919;1092.1137719264868;634.423379586818;0.0;845.2273198705251;1663.5940033178836;1400.1043827836704;778.679041964401;156.72553607254508;0.0;891.7290784933409;566.8678532288984;382.9249259552336;22.35556218338883;746.4341306525414;326.9712316135035;68.48001732218206;793.6598461333513;234.4758362382477;616.5592125284038;239.69654069104956;656.7612896397329;184.262177502462;357.08232592585364;0.0;0.0;493.87497347366906;0.0;0.0;1356.4199668544395;1403.709558348846;559.5057981177633;1050.2636985526462;588.3762090023175;969.1521121863702;451.4052414157669;240.6578111957305;604.7491105880478;197.30934463799485;0.0;624.431436754114;1071.5817222991027;769.909497702597;1468.2714612427994;14.733613854559252;1356.192503108005;0.0;629.4561895726878;978.2190644312873;0.0;652.3536583803932;762.2412516262442;979.3304791635852;883.6766979967514;254.14829293506446;0.0;685.6085060544327;1257.3115066159078;782.512946521136;881.7037271573877;1193.647899370842;547.9066468833164;687.6703696838658;917.5248644510632;404.69947554513084;809.0984448722785;1412.8133106031266;916.9616854985916;975.079241783358;149.20224150215012;0.0;570.2607481957848;141.89203836082632;213.96270356088857;471.51343995153337;928.3113724976436;161.11766956601758;1121.4137701749687;1307.2794518981773;1039.2562017088783;386.4016327361082;1106.4909139722556;1588.1541631562666;971.3013900192444;935.1942954961453;34.41854731658329;0.0;140.01777544148464;469.44212213439033;0.0;996.8693977129325;316.67485041391944;240.09168258318482;468.8795407377036;1055.5913126335304;391.3201352749428;809.358440047431;0.0;528.0241682261365;0.0;118.51578702570544;601.1857052349235;0.0;0.0;631.0344414970601;400.57040464232233;1207.1877090147495;345.56554233366035;708.2389064212442;1162.914913719953;1396.9286037053912;10;3702.857563005519;3208.8025493882515;8879.582423319509;4324.82337987869;0.0;6624.0472480786475;9059.057726506142;6973.223895761489;2678.542939149358;8138.58022244673;3727.378475112088;4069.630221114879;9657.46604701047;7170.663406876474;6322.098083564635;11242.508890996409;4939.394927895017;6711.626406098749;8860.822118456672;2256.952938718502;5594.938861305514;10554.675053967343;2040.2635024379572;2413.6089157609226;0.0;4661.4966147341775;12920.15446413842;6030.675166908303;6048.585370933974;11873.940662708292;602.8277733592504;3791.7126881809572;8769.105732223103;137.93036051742365;65.10538327048289;6172.64820489941;6199.297254058948;1136.1767632226538;2672.674720654481;3498.416595750396;7242.02896882721;937.3060862567853;4114.350428689673;0.0;5771.7852862894715;4897.746729607412;7802.615774288148;5172.318833732217;10224.099434691285;7718.742533187747;4416.853394073411;5020.034426256398;4584.145724511941;7395.826289224286;4268.833221125686;10778.228546797343;6175.959237659181;5966.187128541938;6085.633691363228;7826.397977482294;1557.1132618372005;5438.303683748743;0.0;6889.585762926353;2617.062773356813;8037.192141181475;6694.534071972883;2410.1080140994072;0.0;5354.193526850109;7228.710683037467;6249.300469864158;2951.0832647951056;7699.282767884797;1387.1771265915222;3810.9383446050488;5564.037962734255;4849.527113373595;2227.775537502932;0.0;7464.473448499094;11593.23413074266;5406.014703311284;1785.4982543912226;9349.897148480402;9928.258697775243;8185.652187121072;7181.146197753757;2445.3877049557113;0.0;8929.884167384453;9567.440482483093;3758.1850129590143;10299.49455435326;3668.8802081887093;5765.80888838281;5200.599255251127;0.0;2319.632914441225;181.5433619165597;7240.3915652327905;6692.272396621702;15482.228244175192;2469.875857687149;8638.746598097541;5909.807984822057;12420.240022159596;3545.7103328837666;6155.606122930514;1568.7680331761026;5575.908936642069;7408.199670814985;5954.3878092930445;5962.823539785993;5578.83416799226;5693.6419133548325;8012.16006618435;8595.002902228527;4107.395992855407;4516.968142418674;0.0;1300.965903897126;4188.08564253681;6556.826276714737;5172.661820943381;2954.29407152072;3420.8216952714893;3651.2653317656013;1096.8062130863627;7108.864546715598;5453.344602245683;1190.7530826447266;831.7665484914992;5715.016764490472;7725.9939695165085;3669.3549643384868;5457.4912083389;916.953989187926;5541.669177041038;1218.8730466736156;2910.9346083046057;6428.152354411307;6647.520877358004;6740.553608097589;9790.56706800848;1303.0241396994898;10440.60097106351;4462.512022530715;4165.782524258866;5013.4292948596285;13170.818456978977;11383.053382564049;0.0;110.94427162717352;10510.437879941715;2583.1280907762257;1927.88061014332;10759.304554726705;5373.052403577016;2016.3545339967816;3067.363697928239;4179.3619690606265;2351.7187192538986;5556.329112254858;4714.3678040147;7149.043209379554;3885.3742226431023;2955.9919756397435;4119.85249139925;6112.432124766002;2737.612494963205;0.0;8950.439566516068;15644.695953239314;8891.380108987;4460.418547121067;5922.4546270038145;11645.456398089082;3589.3959621892714;5354.58425707578;880.8883381220269;3500.423933449427;6774.643670651936;13196.22490190396;9033.724490376942;4538.754913565404;9170.860391482625;6884.046671435233;4958.099351530101;2079.8868477358105;4837.930341892089;1623.2121436883724;1039.7834781291629;7106.01047449717;10386.945439059793;2557.0746133580506;7600.808271936642;3533.6657619474718;7494.045253232359;5871.912194706684;5524.961198791586;6929.604685977856;3372.73492562823;6941.40735326664;9725.982212755596;5629.111825013937;8369.078864248635;6947.36658220437;612.7916731639853;13299.630024383758;0.0;13661.337748151458;4242.879413468965;3225.754472462944;12959.407056180362;6473.859032601449;5491.316710130852;4830.770296411353;11722.40942903643;1514.2381421662783;1700.3556074126254;4669.934574223568;6805.399815641946;7402.193824718258;5867.449714943972;8964.446420435379;5610.320195232754;12267.168987278057;11800.88447312527;0.0;2669.2730641590583;2604.3831846132557;5727.931595805988;8444.714072910463;9590.0948539621;1247.4844123867747;5125.459740470229;7666.718020650574;2274.8048432161504;4255.549348457879;1344.1681478014025;8750.760569386093;3992.930448676369;8160.396257029168;6243.801282227563;4523.49088009349;9658.426798768494;0.0;3051.6541438588038;391.2616412325766;6627.38808979541;1072.1347426307307;0.0;5215.926360806287;7654.190880994659;5371.014454371815;3891.433839090832;5879.468734117491;0.0;5954.0870943302125;5596.063414652867;11271.124748468152;5736.020561688821;8874.125354881138;13046.19105131692;1122.4989024508245;8271.004257476634;3191.6592590935747;6112.439886606286;4578.835234383719;3853.167134718537;2773.662263372825;6950.110200399705;9305.482067213608;5716.868410197025;7194.937792522152;5062.128104288242;5605.762166638357;4568.745394168329;8406.58870655973;6521.624413672271;11395.59550982754;8656.350391939586;7201.342242158951;3395.5680105243378;1603.6352923273776;5621.192893457019;8094.777284878396;3705.63000147736;9891.402105899157;7643.6723347754905;0.0;1956.7287239202121;28.1303490674145;5878.058449578373;9254.142415263606;7921.798517802163;3988.8849955943956;8883.738493353765;10229.076843156165;7331.997080743384;0.0;4419.030806636789;8814.296508864789;9598.28482579764;5877.008304410845;5483.497942725511;82.67472999947121;6871.0754830283895;5039.5153033411825;7089.587779085225;5770.065508652755;9157.903259903822;0.0;10588.575355263853;6992.128587823344;4654.571698026761;6453.3056011500585;10735.393676872394;5891.483773499797;9333.799986139156;1127.9281434857394;5926.700799292385;3410.68641669326;3023.8315506390522;0.0;12338.243727370584;7726.348488694689;8261.938143346682;6443.284473992206;8586.451246285902;0.0;1170.2348322838907;4552.671113390715;5106.748048208037;6392.127394088095;4888.456577711136;696.8085817693889;4327.54776169798;740.365244528808;4549.5353072784255;6562.410847502888;8126.321301810579;2100.3187308238253;4042.775789901514;6980.506685125269;3578.871370842239;5980.741323052814;1743.279908898703;6879.357174507955;5915.679112034626;5665.928905062347;4447.581649632185;5383.855449254844;9323.233360664364;8928.221827318568;0.0;5179.021914623566;10525.625566268041;0.0;12543.337661758047;11216.292330573304;8046.557020867593;9494.556249824609;6012.276873594512;5511.290830173213;2400.6462920072267;4907.826803144236;0.0;5201.3831245284255;5234.138413688581;5880.337494377827;3350.219217462463;6370.4281914347375;8183.136266014185;6196.763144852064;2249.605408406268;1706.220565206785;4928.940205995164;8831.961680544839;14148.47229846811;843.5166228919935;0.0;11809.655710850602;0.0;9881.67447034573;8839.973755106099;11398.651396663992;8134.297073840975;2489.753259502114;14825.929935503747;5068.59247575696;5581.184265044297;609.4039092504528;6142.400789624457;5082.7806913463155;13577.386160074673;3786.109965388961;7217.6653885850965;893.7001057167032;6380.447954224242;7134.98351321571;4839.837234373834;14477.423905987176;6764.41350387296;9467.015212341696;4348.866039690412;5344.959622799152;5495.606044773858;5085.256998904937;6971.320480667269;0.0;6508.71986697304;1999.828832781176;0.0;10333.0846016319;6999.98915445368;5698.064209162794;4974.847430596693;0.0;7277.889666171682;4125.950633777073;3457.253221151297;6620.1519790260545;7590.38114776356;4279.580335570632;3691.5649003387653;6172.5415650957275;1428.4805153867997;8580.107977487474;7967.696008987586;2653.0694755067834;1091.5628432201493;8399.553878964272;3355.830996213045;8226.979495467147;1416.26087982605;8369.906662781357;11783.93559979938;7947.085872180872;0.0;5902.755342326381;0.0;13122.266588273462;4139.69129748336;5264.682982699391;151.86162868890915;7931.654794929866;10645.775307066986;989.7966157500097;5669.1896930869825;6014.593711145342;5937.816237538647;3398.301285377795;6700.28055714263;2133.3723419473918;10861.653742554596;30.63697586206706;7767.844433266237;6424.261616615713;5579.911998812166;6698.894500020007;3106.9450961495036;11426.137542778179;10568.621069248371;3486.0520467369984;1133.2052672021034;3431.0660559427324;2120.2737097636664;0.0;6958.726702825901;6041.188663063679;7417.525784115276;998.9703993723776;4333.006987409341;9162.71561660677;2718.727169884777;10689.508195537375;1751.7098889318067;777.1368440691127;547.043038497427;8398.544317201808;10105.997394528164;5154.671220940718;5114.020433810278;1339.3979424367144;1676.4856560875935;10642.434136334996;7112.774914987464;10050.310038486099;12298.797860700046;2939.0876206267494;3013.655717556693;10762.404144829687;5863.120198696923;0.0;2134.1396262975973;5378.627835520661;6060.046449402679;6184.89864926917;20.0;10128.936879268764;10293.04336223823;8187.533984053782;10030.630282701257;5758.2861418184375;12502.76822965845;10737.270245143434;12995.55606689116;9483.90830950812;10831.23687546447;5623.277527811757;9056.86747161478;10974.736067216269;10220.190357990015;8580.926365013713;8120.906726095019;7855.026036891777;8369.579168284386;5374.916208203612;7650.128223152625;5106.829398473863;7173.021795415359;6484.939887217227;8063.684835889153;7555.411695370714;9221.79414749982;8882.076774809117;10207.138546575205;7641.522859712902;8165.253037434821;4281.405491134046;11388.215770976949;8129.459292457154;6539.235160252448;5635.609756148444;14780.802633229066;10840.183118443838;11904.987068283335;11519.46429193509;6917.620787696096;6822.066666825506;6169.546634198909;6782.03899225326;8727.865834477265;8059.506148044471;6124.656250657147;9199.034799976867;11615.149874157843;9672.760549255196;9205.39669886146;7071.758237876738;8295.533230032994;8312.168384124074;8629.033718782417;7132.7165784035415;8790.374521537433;9766.017446069296;10723.481635049526;8880.075756606106;5232.763077288188;7025.439077713281;8861.8472151633;6637.450310491225;9443.645560100498;6317.213268849859;8663.766100385088;9779.56587151466;6540.336367246976;6219.382386765061;7906.610041366446;6766.107693295189;8229.386118892324;9665.618970160058;7179.135242942212;12211.991743118142;6469.794946897679;7400.643993943359;7529.117431742601;9828.70929935872;10129.222409121463;6822.068503159421;8859.237006888445;9063.779262752096;9637.736037351353;6567.514609856322;5658.45272701996;6779.539269891899;5863.085792426653;9209.171571264544;9016.478250217566;4625.2168019779165;8345.671502986057;10960.107089368381;6609.59128294213;7406.640970049428;6450.484301904951;9476.576063886021;8659.079658473409;5889.929206840929;11925.380782382425;8288.84110388168;8435.404152313931;7378.037258250047;11442.35654951541;10302.01973532374;8960.68712444403;8800.056955337262;5972.144429758695;8212.330333148402;7560.60717670887;9378.41783010022;7370.786744342393;7739.960006402103;10074.323440794311;6533.331009571672;7144.970212099857;5198.586527984594;10149.314748561783;8620.860016323732;3346.204680058652;6020.5640512279615;9384.827398353227;8640.401964349016;4750.15906208104;7936.247268792918;5427.542389283037;10793.30914838243;6850.397837203593;6801.431727368401;7787.169836198051;8416.625889427614;3925.609248218881;9323.402971608033;9879.312803834098;9951.906789121482;9585.791634229552;7603.623775540352;5589.443925707104;9863.963062051836;10980.46414356834;10505.411531616297;7211.990875862813;10097.640899460646;10765.664500089217;11413.941042527644;9807.71677700583;10273.99833847957;6164.6920408605;5570.700170230362;7806.671815594434;10317.40538348318;9690.19662089737;9484.775303107177;9595.675787258824;8970.656526593713;7864.632941772671;7902.928966783469;7134.056142432075;8688.982300317675;8772.945340697443;9392.651371732249;7992.404592433913;8572.149251149882;6485.6554852579275;7114.984584634832;8150.611045743618;5864.2847440490505;9653.147644098324;9075.317406680326;10329.104485898177;7736.933924301737;9239.344178328894;10319.344439101833;6734.768980055631;10709.28548576553;8667.630999270636;5621.9887425349325;9097.196257882792;8618.369495927165;8274.048201271005;6206.179015439298;7236.082702269087;9117.053450778454;6367.485676794746;8175.859036185073;10094.166908850108;7716.184942119074;12035.568625249707;9455.762757299495;6974.1617053774735;7208.593577958385;11726.575028161673;10270.214823416012;10222.42404878302;7429.747879575333;5002.718430149798;8470.196879348994;9072.34227746453;7865.779329190239;9065.438909410424;8374.210219388802;5732.060274132272;6711.439800613128;9146.93367599435;9337.390068559826;6639.7901548541;9660.55122875064;8786.43029869897;7068.376857130033;7374.101866403691;8596.931103100243;5097.786109403573;6312.760591479673;7259.473374787876;9343.415126401138;8161.694165584099;9695.364258506905;8714.168071336571;5234.003890586183;10604.806705143945;4588.295674085471;10944.464543413724;8405.875292460543;6703.348476658571;11784.698269528744;6442.815560681967;10353.316941905412;9564.96453775226;9547.761670042382;7723.324737796643;7279.060057712421;9951.950176090322;5372.948052598169;8519.572131400106;10921.153320433785;8235.03056962681;11875.971073770137;12702.674440362758;7717.111437680163;9470.423802921181;8030.427204666475;6849.571936892254;10168.356048481211;8692.661449062494;10675.96938258873;7503.301571642539;7600.152639119783;6524.649959979696;4402.356248219507;10320.532683675336;10536.218726819045;9596.932639354223;9393.031543242392;7737.727353281823;6924.31062140929;6010.655056825739;8596.465400459898;7679.898657019616;5322.488198053017;7956.594029128624;9359.606623208421;10297.497886480529;6084.6581390904075;9143.93645358243;8857.330817545004;7864.11402011501;8396.151510045845;5636.8409902202575;9095.23470004511;6465.775888448006;7838.764180584939;8268.481419567248;7038.0482052430025;6096.536856419096;8376.672418917085;7783.040913074156;9004.437838934262;9782.658369759574;8243.497059224092;6131.109123693983;6840.971625333628;7004.2991747609085;6863.425111631906;4277.696922048086;8768.476084602216;10109.923543609095;7723.62286472023;9426.86615870223;10482.416676322608;9859.980691594295;7342.856520763648;7328.997360895761;11063.345283382634;10679.768937733117;10166.684314706215;8056.588913829279;8778.937253757249;8709.431513128724;6264.663448633852;9643.538806951014;9266.799893165777;4527.486302678859;9676.418502174118;6797.645848688448;10295.987930863776;7753.418349494958;9771.209878735359;10643.094333337744;10433.74876816428;9104.736504206368;8225.172376258233;8646.597152438613;7486.347935356567;8371.831614164565;6791.637536509897;8993.374558498388;8931.050660871864;8786.632534788701;9985.608265809931;4970.330164549947;11456.689841858357;7749.425571540059;8202.64362058005;7270.149413399629;8531.745218351;9044.077343004712;6253.709347968358;11573.21168882338;9257.188366999646;12208.117300397087;10591.298049638886;9121.296087135815;7886.530868648218;8317.197076746408;7824.967894234821;6894.026717892563;9631.848376755805;8341.929959225603;8535.564168038982;9627.473675368634;9472.22436205758;8085.14988702522;10307.288779753919;8534.151879735016;6857.883454792919;8708.882649011051;8026.2575365926505;5738.312031603034;9374.186448712118;11336.53236482479;7778.152355564387;9189.776514869971;7466.48578761159;7695.21543832851;7587.48991448563;11334.030329868747;8378.221893273758;12955.824141110224;8768.6247050149;10119.27770027484;9356.333330764344;14746.872565955095;10828.250954768815;8805.776033441198;9220.904402434604;6542.5969891942905;8144.372920093313;7157.145037218872;7236.528535090828;5581.008111993185;8912.198250812136;7950.774753280284;9187.05566847217;8448.499726073791;8673.6958793025;7606.864863715548;8454.290366824549;10144.182997749445;6516.091138343139;8404.417267695064;9632.15271064936;9333.239074930478;9116.127471987678;4722.079054669224;7410.312945914007;5704.857791502962;6559.844727415466;8874.863844750831;8262.257795886817;6423.412108214085;5569.607681978603;9837.813473087544;10696.09964631246;11361.59205455052;6125.328284540288;9666.406316521685;8982.75043654893;10014.862124934823;10116.437612711112;9332.79421365036;8066.0276839625785;11070.267064684409;9066.19402836469;10031.959562612888;8104.676630654578;2809.720319487053;8997.89163190583;9803.595071352282;8204.83896930498;6733.2186096432115;9966.95908375795;11442.305441418956;11431.022660277142;6733.650657924173;6150.990566257397;4973.327166310593;7651.215886886038;5959.063757960777;7797.104788859371;9123.721448639604;11543.554446639762;7558.222286163797;10959.596347378956;10416.977477524031;6215.278872019089;7862.905239368578;8967.919355517051;5462.13889138391;10397.05242148893;8018.1419555604025;8018.547366101808;11540.186413554778;6018.267241427614;10884.277838836595;7529.050135062913;11999.961233926653;6808.195596661737;9925.643899649145;8855.355271715141;8130.3498971772915;10666.051809436229;7496.665191471531;10134.981777293167;5613.887034557574;11154.034848645757;7512.2581763529015;8345.202047188837;8500.820281788243;9842.584456625504;6248.927168266711;9688.833375887569;7610.825096942943;9529.070771971255;7577.22676112033;6749.783071804261;7605.798612510736;10006.60912708528;9296.062830199584;8578.597046585259;8512.245414130499;8802.223932468347;8823.567514837436;10157.217182821429;6758.210088221206;6768.776302224828;8998.153899177772;7805.634203333141;7811.851849975844;7059.094543548928;10116.322933388714;6080.585011033029;7884.446873340338;5895.526372341225;12001.886612213548;10503.70492872498;7565.208309897224;10873.689412505712;13059.423283615452;8954.165311394823;6526.051355635338;9680.680160189968;9470.855986559965;8066.7224784770815;8926.354703877496;6981.353893233772;10039.311832533982;9492.23256212863;10286.072592151711;5770.203749173836;8180.822863798629;10505.320950078472;10824.704234549048;8513.102500463116;5975.019111366661;6583.1525630942615;7309.4831045777355;6022.860517953251;6769.320095253393;7620.347509133603;7744.8080391253125;20.0;11219.168592734317;8564.164919824954;3718.0715410563225;4741.247574388232;10404.686092917098;4496.526408850987;9155.623169149394;8733.775153933297;8912.994829709412;6184.997734968641;3699.283022895254;8125.910665116691;3826.7974806986886;9066.039603429497;6525.010976768547;7021.79368129582;10259.981827151641;8101.902890124522;6456.704887653891;5500.692847256805;6196.764044905538;7667.300927766091;8629.189079694483;7391.404055235485;8462.670550918643;3687.224625295344;10202.595489296753;4202.469217201183;3491.3571438036743;8156.240430312646;4169.597825048627;5907.72661785829;7537.638966713205;7217.044611695559;6332.96470808605;6521.204298879685;6692.516478614293;6603.954748329238;4781.721873035116;7567.498767734738;5647.0379954727305;7172.729915200015;7479.472439970357;9102.996813321064;8366.25703841367;11187.346734196635;2137.9622384815852;6923.871812127421;6824.857722216586;4286.096247235805;7212.7814620598665;3610.7466683568596;6355.824790910157;6910.768009671611;7413.580150884094;10647.617358425567;10972.227912595767;8956.453458248954;6717.335026058081;5437.200546019272;6732.659570590426;3091.677123998298;7212.828287949494;4164.982542391179;4982.456877205045;7876.559313118271;6663.326017528674;7078.129756892681;6798.720551511351;7212.2871331278875;3641.4589968200444;7786.413781230227;6442.014483559246;5080.094164956246;4474.77450748547;7978.919914985978;8624.173888026417;5533.89520560799;7729.264663083759;3740.6417563198534;7270.3377976928205;5259.563413351948;9858.622196069311;9393.88494058431;6284.118667963097;7001.460404067104;11398.781985907863;4340.177946658913;4662.108324773316;4296.51229699198;7410.673575289498;7746.115695675651;6389.067745251972;3002.614852032323;5747.726958590705;8891.67298003161;8071.973085868089;7009.942675842856;5569.28167622786;11289.511106099806;8518.188385253292;10456.487559000705;7376.315043445677;8128.49021387121;9217.077005277515;5616.767692531757;7960.048074023628;10039.679506872419;5009.094337067523;8779.619383990232;5687.909825091158;5728.996894044608;5625.866271884488;10880.161384747487;7689.742767474389;5479.11052274336;9604.225584904521;9358.201961890753;8555.991820170395;6136.837136039551;4903.585645919857;6357.95042159162;5030.893160141962;5078.701157238088;7911.82275445028;8641.536786006867;4327.281779565711;5367.114760459627;10876.129319570791;6336.540642489697;6191.918175633435;9804.742339845187;6759.732437973011;7040.79771301853;5365.2985237337525;7368.8676512680495;11680.924189772815;7119.164408389846;6959.507469040111;8034.239672651535;8765.631875511057;3741.835248933092;7736.056895381171;8085.590983333454;3425.789559608795;6446.689516668705;6543.813267124226;8473.247432999375;4163.176955261473;10647.306239034147;6047.247789107736;9714.54017170578;9616.814735095058;8544.09545784054;8070.074981486441;6028.74925115164;12134.2168128905;5583.185683325618;8796.833461518709;9010.677158719036;3198.7965312300157;6424.537091759483;12318.522643455006;5948.493872604871;10743.318185009339;11505.381895957242;11674.84282105845;7441.914919577444;5704.10515620737;3793.2047490804352;4175.974853496037;11645.384555829045;7846.214786752404;8084.737946387215;8428.345448435952;7207.393239099724;5533.504938114855;7416.770095666738;6186.5719290943725;6929.028337882475;7371.0386357882735;6133.063467394359;12800.628704357478;8190.933407162167;9687.42062621287;7276.350088211383;7746.470409757705;8483.971094442759;9978.479113458554;1808.4838240684028;4934.42593380952;6157.311181815225;6662.096473144156;7555.293709398558;6411.940712528003;9405.82315686301;6053.308647274897;5672.509054843795;9692.660617332771;4356.932080856395;7650.414826460627;3700.29172617761;5980.716161372626;6347.277197896273;9868.597744592978;7988.038063904406;7531.806982540578;5391.910840654107;11055.53482639245;6359.593836584772;8834.088243330403;7810.792526362176;1842.3323523194404;2878.999065741877;4695.494458227151;6186.141441427256;9095.643164834211;7178.912355670514;6931.698217113919;5711.080174602491;5055.97004756;7215.821464262341;8678.894865804754;12861.900761620083;8312.473987142403;5141.1090299389225;7851.1544898779575;6855.413531709584;4561.259543209693;11224.086385850294;5954.390472250858;6449.299899472071;5252.4410951162545;7235.301341312455;7135.631145422971;5005.654369704586;7940.980133548606;10448.691657318048;6954.161701711353;2430.231214670472;6148.800908384681;4349.769665217631;6301.191213452395;4735.288976292305;11348.047665076869;9382.46480968843;10161.806477462658;8512.057003467895;8158.381443109534;4868.7560927762925;1345.4264108372267;9942.111185524682;4220.007948157772;9481.248388860238;10639.865745674473;7776.7181809064205;5945.0480301310545;4473.841444529278;5293.459998360681;6367.853603227272;9507.858758799892;5843.643928635025;7989.3361402961;4784.83202378314;6317.2456996839965;11734.255201430851;7755.802533001431;10493.537672654853;4301.7555159705;6329.2504231856865;7473.223572471221;11537.306642292977;6032.778939254897;8529.306972652283;5499.011916807427;7307.004607698549;8164.391027203277;7401.361558246318;7883.200166530496;6839.576026331992;5706.260358801348;6832.786466106831;3657.162652222154;8299.87714666466;8551.154710863098;5791.161545677057;7880.497274970756;7589.871097922538;6672.7284180130955;11328.46822307054;10477.770227346995;10351.507793005032;5459.336395467355;8491.87376461106;8039.687068414867;5055.55608768938;4274.264739599034;6328.064744870118;5814.3210255739705;9244.86816311941;2952.8872048945236;7346.409771182948;9507.198445354143;9209.477455718785;7159.660787030243;7785.527537910614;6398.670690182912;7260.924387395356;9175.734150602508;10365.773092155127;8005.949843239692;6923.106225580355;6094.517800807589;5603.60784700676;9703.058059925615;6915.105579510329;8826.49782399565;7188.198355917513;8744.820133275898;5583.550445230451;8407.896329842479;9607.836244204042;6461.836437441891;7812.621913108595;5950.865681468823;8379.174452086256;9062.035730785397;4292.623776835125;11933.870589496153;7552.917821006247;6309.5614799431205;8262.83575639005;656.6041209875266;8152.830117089075;10637.38686114381;4871.114171626788;4899.104063561255;8493.803109716311;9632.022024520476;8661.678301679605;10174.206713319709;4041.1656476217727;6414.986430791998;4453.665916447868;6373.538510855771;4397.997977653284;4363.768461752112;5466.046640134047;2378.57326370624;7088.31900020264;7225.268904317878;9257.937782986848;5388.705139700345;6026.968744564047;7751.316509773405;9902.44789905024;5778.514893285839;5990.136460061929;8039.275093576921;8082.867143703183;4971.5341002614405;4484.159774773322;7633.319106602232;9870.309004064835;7087.975542080101;4253.557747147507;9052.319683325959;8406.381218465165;6351.775147164344;8082.4080431288685;8481.618096865634;5784.565429506551;6933.043353867106;11840.377496229725;6719.694960698256;8828.900987866231;7202.318104569082;8939.775983798452;5690.989562322169;10178.053908661845;6042.370566919839;5530.146291967163;7855.479339769805;8458.393068639847;8072.925613565742;3992.5053771057583;8596.753291948768;8282.629067010728;6952.6484816332;9109.732717053703;5219.730023142618;10390.520127507229;6658.760397545;8185.256726946021;10899.096533002341;3984.402153754571;4170.246177134627;10668.17451914015;8767.121039522171;5689.16345288622;4625.460665557526;7203.539144599079;8050.185154832383;8293.419874860218;7917.878351333703;12697.404719814138;8055.018798940845;4702.826552125313;10352.332955865842;4929.146368431309;10665.282482561393;9416.215578603602;9209.988757491306;5590.555958617797;9827.52855079297;7464.566668403207;12749.497182904724;6450.778413980617;9174.522387708977;6309.392341020966;8979.12495870009;7511.511300768556;11652.457937697065;9300.007864671745;641.2038170782134;4954.21531346827;7955.964343285068;6616.969771315374;6510.065634378581;6887.5910806344655;9282.568648184828;9725.185720594163;10006.6992077213;3882.8067801246834;11905.141339737816;5517.525382429583;8757.49184774619;9372.610869623899;6463.846907927578;7492.190220377153;3848.4750642490444;6936.52439517549;6565.3650148333945;2841.6058620999006;3859.4189490509184;6340.93614671575;6419.650754768376;9606.268377826207;5502.746530104587;5501.869928420437;7385.06348744095;10543.46448697424;4601.51406449211;4785.765717031817;10037.266371399024;6597.01350123583;1855.2928826597529;4175.7640516153515;10821.339506782362;6329.991885450321;5606.246002745025;5912.647480516282;7602.45562244349;7214.297737224166;6325.4031304217515;8500.765376473528;8442.420697940106;8124.717840817186;8746.02288573199;10331.033736537149;6073.268786518647;7151.453763760483;9626.570050475042;9228.411272803205;6191.0007276892775;5844.018721137349;6147.097689426608;8808.891266625855;6554.364412518687;5733.427900415803;6599.1114203786765;5268.639702399214;8483.582485489069;5088.362148325003;3738.60016726061;8083.850078069592;5833.852632132719;6801.567562709279;7522.337948863607;5648.970461519492;3828.5532259440597;7639.717747699691;6101.0635101665775;7848.480440598947;6493.3036277874635;7229.127665995001;5581.8365314308285;4501.1102177801195;7994.04626130133;10036.49792389018;20.0
3;30.0;11972.479370479872;2852.113348306733;7186.057862370868;6608.738617221475;0.0;7691.858820158643;4803.278438041574;7299.254351004009;10694.71693900166;10143.028257403425;10366.853338088236;5648.098926129454;5365.173887241497;7447.337708710631;10654.977845611542;3645.8389477316505;9474.42852433768;9230.27403225929;7333.333942092859;5771.76252888843;12713.055918430056;5169.365225443973;9692.51164231867;7196.083998849591;5031.306221936924;12857.651413170071;8856.110719215616;7159.315130120433;0.0;8705.030754094412;7626.359912163585;6549.321351009074;6719.63760261815;8356.175824327802;5924.026012854055;9120.615743929164;4391.655956098261;8344.487038786243;10796.332389829793;8160.3630959837465;9827.330864984875;3537.743473006853;5742.486927084408;8774.943225350591;5098.160018017072;14435.600187678252;8024.445787502438;7784.432702119456;5529.365511861923;5046.850166819826;14150.698521704586;2486.5876184635363;15466.544403090607;8143.968872096179;13501.997098777292;7460.7169541710755;7379.342144738262;6589.9033620832515;4940.557452964944;6111.024806637342;3425.2882104527416;4351.328298077492;13444.996625986685;12295.152908998423;2669.100434287594;6372.756594453781;11505.034525984167;9452.160705054226;6017.541728929954;12212.963233227169;7935.293462296337;3199.3675489670586;213.90315399773453;8856.645837656517;6066.524950883431;16122.559635376465;14280.223184907627;6604.5572324074365;6360.350170762833;11203.786652004306;5399.885740860296;7942.604030794252;6158.625985709373;9101.783127292554;2650.003357090199;6490.943642842096;4912.494462618452;11651.433506153096;11839.225707552978;9415.936953571068;12301.327339174035;5829.662766580052;7976.5767535964005;3664.512430271981;5369.369249990832;2611.1668292301674;8929.58067200165;2239.894734977372;7966.524314364335;6170.391848657051;7802.077683667059;2370.419548757041;5037.364631611768;8654.387535358679;10851.02140871224;10216.181593195874;9356.227208285796;8005.462951851076;11341.4112979734;8080.962562236125;6032.592571283404;10364.94342551106;9166.464734696723;8211.507418204494;4871.393329333785;966.504097215622;3225.5974651901024;9245.068979738457;8099.520943480489;7208.231959721146;6591.3393370296935;7409.900032471416;2333.999042071574;8086.6355998880945;7418.100815400758;3671.3973721045313;11752.141628845588;9052.053158366203;4164.334815869971;6471.112834068415;4832.781122636096;691.1140157596345;1568.6997776705268;10689.6345614964;3253.519668483872;6032.710177240387;12259.947533755883;8576.668609174929;9639.700217079408;7678.623665405827;9500.38251734516;9937.762397067547;9059.763517301544;7370.873022838508;11563.484069753526;7682.670166979473;8818.997665536608;2257.870115268181;7924.96521580692;8032.253332095624;9551.065577504663;7785.364608628276;11155.472013917695;8729.60142571624;10385.349065821629;10702.424205001942;8265.880346888842;4824.464547133893;10477.891340537293;10693.983966376425;10926.095133835855;14847.918021692029;11537.245632273403;9105.190308816636;6778.102552444009;8915.836318854694;11056.822008539573;14261.174170408929;8494.393434334146;5196.798094856344;4788.132999435182;4233.820454226485;7028.8432575170045;3934.733150702796;7948.830735940419;8170.588806597559;4122.827171806003;13052.218572622007;4945.239712969203;8729.739286732889;7282.728837875857;8032.787975264749;9168.28085701562;11418.834012018577;10572.774456320449;4252.406552316861;485.81279123465896;9412.448292357178;6395.317340142844;7111.884487694037;612.0187467073192;13559.037721773904;1606.1105894102125;4096.5605511009535;7553.702031116877;5777.169771569993;9684.268260742108;10493.64075720984;547.6466041518776;6000.8361352173315;9166.091372486471;3302.820452792352;7111.523597346559;7040.9112497354845;6028.386362744524;13754.70383883215;0.0;7290.727982091654;8817.278615399882;9867.613893122116;4759.92532432418;6910.211341561947;7741.799065274039;9281.57999413438;11314.458492883045;10108.400069055377;8233.233823606992;5772.219768585868;7189.861455179886;7111.655016061605;3240.492333703036;5437.241715003775;5282.892229358736;9151.94560178043;7351.230969784018;9726.799208751338;7513.960580588531;5992.565183249464;12526.51526721171;6797.977898772566;8899.791662647027;10991.042660370316;5311.217637489837;4799.701403855892;4466.797114861884;8147.907360879606;2304.668482415207;4230.916272020132;2978.881406401385;10174.716947897321;7563.136826679622;9115.877551975174;7077.334033204726;14561.092348130704;3034.410684913842;10910.272817720128;2385.845511843688;8018.984954633328;6757.7226167784265;6870.386141926514;4931.186178626693;11052.546163716097;8258.24413230686;3054.9766888946924;8552.898499193672;6872.28240334574;1116.7248813960653;9615.637553159811;5520.462650382358;3776.8249343586735;8082.843476761749;4402.598964415764;8341.686343249992;5336.801084413393;3789.368613921366;10888.129451194241;2044.90741440874;7204.158432248952;10570.667572512657;5038.832895054719;6621.384861946634;1673.8193195341987;8387.068589599847;3114.339041787021;1161.3948171258428;9076.639242009454;10073.401481099509;10313.998136624044;13816.611046442495;2884.639197051897;4295.570531778078;2896.9887542784804;1752.3184489752387;3958.674040605318;12245.664265726176;9208.692010107186;7105.9491311075635;2669.124777746586;1082.4843678511181;14608.82579120656;359.5540215929184;13254.758802110691;32.863856415125376;11510.048738718833;4527.672403654605;12071.620916126714;5283.44528407981;8326.486950394123;7904.053160253934;5707.462566261274;344.59658281347356;9990.07943458427;9744.603942344327;9949.177471888652;4615.521102463414;2958.04251938354;11019.346145384354;10665.31648729006;4891.960803809177;11828.892783485415;7198.603118110185;9743.941469709987;9329.374278446085;8381.749929930018;6309.062606550117;9990.010715567128;4786.257116240984;3296.379604155047;11902.94150651875;8594.03784508535;4727.276680533289;8132.943475237572;11205.920795461643;4583.300020074955;0.0;5835.647490707859;5970.0011313840805;8654.952965141125;4306.374449954217;2098.036807369672;6222.416375674534;4839.101800909997;6111.330341365426;8714.521674765001;6684.881801248514;4932.173737979616;7130.987492266646;11825.391008841014;7812.624348191763;7111.177864093857;11270.476149917771;7338.696021540373;5260.6561115201175;1515.6611926090827;2702.617699240497;5736.4914544410485;8360.427892317526;5344.681391121051;2904.8689250655125;3383.119644590902;9459.556961641867;16448.817950310775;8690.519231510301;8494.84140029281;4114.47508927669;4205.840854745735;8002.113348257206;8693.668740366182;6276.880228930667;2495.5591412145473;8438.136105694972;6704.658345076364;8184.204184387203;9377.305175822072;6553.7247636751135;6764.527098682924;6297.950787611329;6871.750099314898;8917.265964679571;12669.904797574938;11795.098603034428;7113.988228367379;12716.343097279358;10425.116657841652;2306.653537594084;8931.47149849917;11174.747091827543;10333.296502894047;11126.21391426514;13518.260659717705;8092.6295688429345;3514.9671385188103;4690.462526408408;3547.0770327878145;5150.765496500363;806.4761583057605;2824.600937196027;4224.9006892260095;13278.728008343745;6044.962773934458;11882.43980822051;8160.4656508479175;10428.048266615828;4888.148175341026;6837.639839243406;3171.3973415553833;7976.414245848291;6915.165118063697;9807.6668667718;7494.9472044616405;5158.5685249330845;11067.003038820254;1086.3276245774027;5508.123705404827;11740.794345841252;4156.738876027456;8123.250734361491;8333.894979272127;10516.147252199004;8116.1937338474145;9219.782357222224;6310.1785463858005;0.0;7690.5542650576135;5978.73506469013;15057.32088530644;12498.042142706385;7761.833502767035;8386.24262768521;11579.555765497666;3057.9999530348273;2718.162298055934;7488.5166266895585;2035.2007222079096;10127.079859120231;7861.895137907138;11920.424009961373;1971.3377480406955;3687.316329990973;7559.325230142492;4172.078342674129;3045.024783610857;10451.252121690015;2130.2953820073362;5885.781056992652;9757.700842269778;5330.773454195985;9925.578921966306;4969.7509623239175;11972.962197816189;5363.824288373163;9686.574141734267;10275.647486082496;8145.854201743487;11370.908786115093;9293.412185007166;5345.015060152669;6681.70069576372;7477.440221814727;8232.332961611726;6248.8871065170715;7181.586406515562;7320.649590406902;9107.007212214185;9039.094445653158;3305.383496177365;9556.098808503608;4823.375359675573;5442.599882292741;532.7925620160689;7871.814362250791;8911.563216891005;9215.011083413921;12779.203069548656;8438.157827428859;8469.786054541084;9998.97586391636;2730.036040748128;6837.319204608009;8814.250301762058;4396.6612754165835;6977.963954569723;7549.2327841010865;8053.2476007295145;7192.164290473262;3838.5723395607533;4454.0347715879825;5149.782492686224;7407.543443307321;12604.408119609021;5331.150376152019;11381.345553051799;4037.7655816977376;13909.440304078524;12978.384518768122;5710.754561525576;11736.289306626955;10233.657163618454;10362.969446444911;5816.8338658058265;7451.453447432677;5786.407425592142;4068.1594782609204;4709.0967244749545;9809.77738462888;7155.5215379019455;7161.154882790537;6611.988426801439;4217.059271324533;4551.715664317265;31167.671268557948;31063.187411384923;29704.07309600382;30791.591807311474;29498.95068716697;28522.451634019686;29990.22696844129;30235.05144329125;29759.11925039497;28371.82829957986;30742.892781838593;31906.430449350988;31068.503371329283;28324.66361920056;29633.955824746557;27722.043212415112;30193.154971407635;30538.427943591538;30255.497476449786;29361.58722498132;30983.410397985903;28121.562724624237;28644.06823569368;29870.470905075505;28224.139551234188;30155.02545580346;29418.29169434647;29720.961612936142;28532.058600320543;29905.123335299515;29229.534628055648;30089.11629616647;30024.654325270698;29479.157439054623;28913.65450163083;28497.055533479146;29131.47751971707;31965.15824899181;30110.116368311792;28615.172143747866;29612.68496320596;30678.896645612982;29597.075523352567;30003.726264925288;31210.925128220897;30217.640564506935;28773.636016850352;30854.61986510352;29880.81022347061;29712.103905179614;28982.034218057182;29471.65031608122;30704.929332448257;28945.337944470928;31362.034809224955;29820.736930036466;30300.786222499093;29095.607735285885;31664.337677391493;28379.60842202805;28810.756311205263;30081.06928268233;30004.20067060536;29246.84097693118;29322.648436018066;29881.343830946513;30839.72237193616;30508.400312404898;28222.137196557604;29185.76002579127;26644.11255150238;30341.157208050732;31113.07560116667;29563.97721878833;30637.191949531225;29710.203446241558;27800.11025250124;28748.87521814446;30133.194027963662;30545.159027427617;29268.220727195738;31959.041466538896;29493.82507953116;28755.5413878408;30622.225728683414;28796.118685108067;30812.371355238785;30863.74395589881;30758.181517054032;31273.626227456625;28103.183126371816;29615.165664116183;29195.137423207656;27592.283446885907;30273.881545029784;32465.641159804087;29875.560239238548;29010.236085355282;31207.768178185343;30862.460549637963;29681.978084041748;30551.65310581652;30562.08368361041;28530.586882004794;31440.292883976188;30166.141003097753;29811.92378857716;26734.95592670442;27329.473930846518;30584.937682464282;29991.01026275165;29617.34143990459;30250.22085969616;30563.348918883017;31889.146603904097;28639.30874418924;29965.327541336126;30455.138451362247;31562.568919526533;29356.878420091634;26508.800890835537;29079.328381516778;29451.462517780536;28538.696539225268;27957.66767452062;29627.181624465265;28130.425763947773;29722.899691923827;29518.363495760343;28788.460157103706;30261.822555679908;32249.6574020264;29584.000900915016;29716.295651015516;29465.787470618066;28680.65561793432;29192.417943602963;31689.135308067813;32471.87501722924;29782.222635287988;29431.834032370643;29847.238018778462;30104.07806285678;29234.75288992;29592.565615051542;30520.127342381376;29386.044275881275;32416.06623981944;29768.817151293184;30172.48343107328;30973.540714063485;30277.820138495343;29313.682104509546;30763.4892204222;30942.715982138114;28523.469788372568;30104.596379712286;30779.37265389762;31186.80238201561;28893.7118574303;28939.001546849282;28240.543158109664;31249.074237062614;28017.82995175462;31433.962789222638;27932.43050930174;28083.65903101243;27597.080620131142;30607.230018691072;29474.400304502407;30545.684409748686;28438.314808173487;28186.33637251128;26893.17302177893;31292.388333796927;29927.070292010707;30052.43604771092;30543.920426927114;32008.554226290322;27425.143606390262;29788.223036520285;31553.80843745033;28801.938347844225;30321.00173740145;29788.358199218485;29401.475776998544;28633.18863625142;31310.001642522635;29469.615961095118;29202.74360263221;29835.43694086297;29889.00742950962;29922.249063777035;28043.566358439828;31355.080416813144;29418.297828906543;28641.52751346817;29597.197781970925;31361.201762835168;29170.907126735587;29645.326840178725;31821.56261561168;29674.527664463363;28813.913832681534;29855.428180857314;28567.945723140718;29974.437321252466;29042.04902821524;30216.362638518884;29941.19268487749;30169.279946213584;30681.38759445085;30924.215752491364;28683.1565468127;30854.88250443543;30770.81313349118;29602.029107160877;29114.636926133444;30044.58813351603;30347.09943123264;30394.446389977613;29447.670374026544;29548.451451809393;31549.365467513646;28375.721730440742;29197.720802526626;31672.39372153725;30199.16984969105;28702.28679759868;27750.913012574067;29437.602157343452;29127.789993404902;30506.789691114347;29177.608780066137;30612.953903637714;29947.485893605488;30156.278843987002;30743.228750713275;28990.434244733984;28967.50687357312;27671.29390993397;29116.489190257085;29296.485004684648;31309.96915032252;30737.516099166183;28185.551301310337;28830.80948403405;31315.808775552618;28801.17710512942;28764.440798814554;27723.49939552684;31854.053630803617;31283.384672625478;31802.99593248292;29684.76193232477;30798.851173723444;30837.3778829004;28519.891125074613;30553.363858727724;28446.611083840122;29579.82404120048;28729.387027874414;30559.243924920924;27868.762347117798;32220.103626283315;30774.816140486488;28600.78512048964;31288.887708238755;30711.270032875054;29868.30467320948;28455.08722673957;30197.41377708541;29060.625362797746;29482.20047208982;29780.95895088913;29057.513563006538;29414.347140555717;29310.074832980616;30550.572801051607;28931.9189697765;30227.54574318957;30667.082032895898;28657.303747807484;29145.869542168228;31225.92720078549;29447.90767924666;27771.887969858857;30738.947683639;28416.675219766665;28918.82353827157;29638.554589780662;29436.827460711913;29992.72788495701;30292.951642781136;30953.90847075438;29432.933076812216;29266.397178898067;29402.451854934072;28563.47694925228;27686.753562331534;31042.01261141075;31879.966995607145;27210.398197435905;31130.00566348225;28911.93454609537;28591.89205795895;29720.313915918814;29395.44587568169;29163.01921603825;29244.402361602017;29723.437597125136;31289.527770908964;30240.502498465605;29552.965136768773;29250.796699983257;28253.418664381774;30739.81577114971;29224.149128959336;28852.792794794103;30834.622132342563;28827.71788430833;31491.4414104497;29029.966814970023;31783.14848976161;31488.797946617527;29038.64486885212;28807.691045736035;28046.08823698663;29002.978079359415;28780.36780053496;29375.220679449347;30685.719310022832;31977.86482458605;29276.00143983063;29086.919983504067;30024.59667125142;31321.783449595918;28929.730658420453;31497.251848351727;30917.898361347758;29855.175999252002;28874.226843569813;27795.235308337666;29041.41945132542;29416.792156328487;30435.14037033783;30312.33994836257;29094.953615251674;29436.649847183755;29960.318263220084;31409.873013177617;30205.91502828201;28862.217494046934;29057.797114728688;29515.91827644956;28903.88869331583;28083.56600254053;30521.729633824893;30213.395389869198;28311.293375988647;29543.38201162999;28898.294927375537;29884.281184071675;30043.587642099912;31711.22396957483;29795.941603506846;30481.61190870572;29374.976150358227;27885.504151654604;29040.820740566935;29676.339331397696;29893.60557866919;27996.660612220385;31156.544040697736;30360.69947035895;29585.475003252544;30481.854655653737;28902.57772678704;28898.66942500912;29260.03857727541;29149.28296297192;29413.65442880293;30490.992250578198;28437.45367228473;29329.079550491515;29971.120184132964;28840.917331534896;31341.45630601501;30069.669062637684;30065.764999055787;30656.23046453205;30631.95106975848;29557.059347732025;33191.95252250768;29256.945837400235;27493.658428784205;31144.176394490234;28611.16452314729;29983.214810403686;29660.970035604936;30883.21204870924;30703.877369838803;31417.462048699683;30914.92971293225;28299.214959204703;31793.661672172457;30512.400904309834;27498.326727601016;29328.70566338596;31204.783571605665;32060.290464725284;29760.424457293208;30156.319946130025;29244.136336832682;28593.42958097684;31644.969921785898;28979.74939787747;30028.41639631368;29753.185089846964;29204.645958899102;29926.743280391845;28476.449151028814;30572.90872220453;28545.32462639512;30421.952308297045;31333.972410011065;30733.59063320971;30465.58257533466;30542.81131516805;28384.916411296494;29279.274547736957;29323.032085151466;29922.267890418832;28533.026118052487;28965.84691750685;28895.284467378;29873.181249655143;30451.57349383558;28510.360461098415;28087.73623816664;28641.560801954005;30433.09451974348;28796.390110607583;28832.242872586557;31641.681849737448;30015.164898959483;30517.30297417772;29750.593298263662;30278.995037234923;28811.424577369453;30346.824081711806;30907.14301637299;30786.04938290357;29874.80320509745;29838.507867279517;28601.725669330164;30609.319779419508;30831.693377414005;28796.878378977533;30275.057105881366;30656.65535641161;29221.40079102178;29230.510759486613;29897.887880566974;29485.523755066988;27565.72229258401;29299.295498424213;28345.281713210425;29083.705972108783;30075.249224773084;28948.318128795443;28865.07134898013;31114.83335396884;31381.76759499544;31046.581820723568;30310.167946086738;30212.983962069247;28112.352816103506;31278.0808625387;29660.98286972523;29723.306142531652;29495.603075549527;27908.675648001874;30354.254622748682;31344.124382505404;32848.520098255816;30375.22278673473;28610.303625304965;31189.285790819755;26796.223469179946;30079.36543128873;28280.926160461513;29566.510705839068;28438.88939701192;28785.093048188803;30067.723686948782;28913.238778536903;31683.12337377596;27357.417690478836;29545.331799577765;30.0;18611.947135151786;12451.815723992242;20035.803372446724;14271.177243849397;18045.0069123978;5908.7006848572755;4014.9884610419854;12405.849425130504;17754.208447186487;9408.742351100744;0.0;12339.865248263171;10565.630180370434;10848.494422575659;19289.706538025213;11961.364997111079;14093.86479905463;14408.189137284817;11827.207896610968;17493.954102785206;14913.772318089668;6773.746399841291;6972.885601560433;11586.503214151133;8526.201153159873;18715.71377633948;19438.92268316561;12455.668115458997;8479.48356773092;7718.0397702026785;12154.9912797001;6800.735498311342;9167.201809918255;0.0;6899.883438966769;15451.624618204707;19876.64922905464;13256.195635083574;10255.800021245725;7447.088089537258;11644.528614638091;18742.596422950282;12799.13795390362;15059.476933557393;7599.754859087479;16467.339732888187;16968.167164011404;16589.93642710919;12821.648068394576;13636.584846752925;7118.225866838971;15101.763415764453;13805.345284990171;22886.90169641337;13040.922313151279;9073.339935902835;5683.3073276606165;10557.180281786665;8287.792783069463;17656.71431636763;13830.502440151891;10410.08987327141;15059.727756850356;8364.496724666347;9989.013454089742;15221.266911375771;13123.46816976865;18250.87900788943;12865.194801818585;12288.490504075071;17857.481147987193;17469.443438651957;12386.439631805406;0.0;16168.291384992825;5382.977477134347;10077.523300639275;10468.629914548625;12130.623937275104;18855.310407626308;15169.708826134587;7650.881459170387;9461.42805477256;15956.026762125457;15747.886995855702;13125.991368399538;17019.40556057777;15251.682907529896;9201.856931591756;0.0;5055.267211678131;15166.51594239071;5122.618391402102;13974.164275042607;9169.883523140215;14816.988579107061;15879.455636230095;8757.762658695276;6621.448112274121;4123.895443976596;8330.894632794927;10183.282531297677;8300.957860621373;10657.045087704566;14947.29058527097;8538.864411574188;10181.046972599659;5313.7963205969045;9928.921652715344;14617.041219582026;681.5662251268141;7672.244519234547;9263.46399549321;18573.988158500106;14036.472028823235;11952.651086991837;25672.747386716303;7738.745950986007;17473.811348334188;17759.5553924352;13145.606652462138;11445.89737649603;21970.366254978082;20334.98219983541;24868.883341319;18952.40006007804;17369.974519665247;14347.725606681885;24633.64415092848;11337.763273050832;2428.6912961622133;15921.151958323308;8141.068536511737;7565.321435666071;11614.245056744416;17660.205767828797;21432.463501367703;9729.906372879157;2455.253423369477;4892.704518153999;11454.012092505625;8807.263879897771;9049.942576978656;8958.11830470803;11763.527626349687;18361.39409843064;12575.924129731906;14100.505623010704;15785.662706053332;9513.26301981636;15161.336528788332;13883.694831213115;10687.572244050489;11716.523731792073;13855.978221608297;13063.71104256516;8972.797510357108;11020.343755787682;0.0;11484.231594464449;11587.0123519031;5344.63973328803;15599.14314389735;17872.858807227258;7117.540824215442;16475.311723603518;7314.786339097553;18685.214896557416;6682.550994982248;20826.556499987044;14265.885004687025;6813.518923534663;12818.530318599103;12563.002314683888;8118.99450094077;11586.63517852337;15287.787624741068;16152.57402161767;8650.442176309756;13187.861014708697;3208.865783143728;17509.89848869208;16452.363381519757;19078.75399653798;16638.758173324983;11045.215824888908;7525.546841848069;19301.297979905827;2045.0840323104776;12518.88788803551;10002.224156765178;10728.913205451758;27780.777743683244;17690.180954081705;27941.09375815235;7928.190116437056;2882.142553697963;20628.67850943429;17824.418221609176;4944.143581543912;10457.789454799204;6743.170512062243;7623.3182955559705;14848.810215685395;9188.607479368464;13171.983742233115;10495.545565304825;17964.357610400817;18697.75929030285;20600.934816328325;13865.675224171788;20082.187926858016;19748.84228538992;12834.102347059414;6173.905677380704;15461.909977394009;5886.798825388835;8852.739100449136;17203.100130691695;17154.8394066684;7921.364390433826;6427.159728510098;15953.151723236297;5968.377795671997;14292.143352787964;3403.6931259210687;14025.034293816052;13731.415522543943;17678.942525006903;16905.325147137;14349.759130285998;19505.05382341308;5488.51960866637;14755.667045308272;5402.274260637046;13746.04184410162;12729.879202398395;6353.259860404428;9489.530639752142;163.54927397805113;17173.823526429456;0.0;10619.702988603904;4157.93536227811;15954.733023396198;1776.4139737748176;10620.284519784323;11103.635473067632;8096.837077130584;10387.742165275358;4138.105831306147;11402.623698565863;15093.158449232144;5944.9568449987;0.0;8791.830585566835;12763.836948067337;16927.14521871359;21312.584384360336;6547.188655174038;15966.400271981081;19861.64822437692;12676.4350181297;11871.794573941379;13522.660417923198;14520.454045682705;7587.041293512931;16545.26266572765;11148.491633153364;16013.213931250113;14952.128572972217;8756.741936180719;25693.84082427161;6712.5121582456895;11815.21620363097;7455.2673736605175;12524.83517306285;3492.158837903732;21069.116307718145;23340.574826687865;8676.509282716881;13763.723906651758;14949.005884630158;5376.716653553854;735.0313401505591;9058.040896607909;9958.64634622603;15598.279687452863;5794.280473474706;6540.870000758163;8275.91688098228;1181.8331892608758;12242.675135171336;8644.470203048477;13274.42026470468;8642.841722162979;11360.741546371932;9250.89750753269;15212.285609747;13699.293805451109;15590.378471807086;20157.58156610337;5640.355490293173;17235.340536864634;21149.23159070069;9881.512693887487;16063.579496450613;12114.652591608672;15750.62960593818;5581.202060354586;13592.650123545545;17522.780250285396;15839.481085032063;12042.653838408665;6153.673026610761;16384.63837034328;19567.81410962604;30500.894136095365;0.0;16539.104970039083;9717.66912451098;9083.638445614533;11144.010784996286;17791.563803779376;0.0;13136.432143031878;14541.294922207022;17730.601383159457;15382.895375454564;5367.709920150297;13473.35704259602;7550.232435138892;7601.618947494409;20108.496963128346;23639.105236448817;11379.583837431182;14724.79896936522;7405.559353884313;14955.140943579185;12513.016019005163;10922.681945903812;6878.8984608790015;18029.336050310692;7726.16988137799;19633.211266312075;8156.387149019914;6018.7089768267115;0.0;16987.234011959168;3059.4174012514986;3324.0557946016465;14391.181025648733;10344.333564585544;3161.9962901440276;11322.481111961966;8148.77365828559;12580.641336672456;11110.958594529191;12545.972529865936;1505.2346267600617;1490.165224120039;14492.196157570315;12109.591950136308;11106.253750769714;7579.411658131536;10308.570154193712;7030.963131769006;23520.405055248168;10191.539668761292;17717.251274957434;13386.75569606295;5224.720584712384;12549.740848178633;32586.444591856463;13123.205071180791;5971.422645926403;5095.479725140676;19203.490567846577;13262.573683945759;14869.980821299358;16255.550619719304;17143.656405228012;11515.758297528177;17933.842310516342;13877.994728391115;8534.526695633558;20918.783168814065;6788.523358938386;12985.964407353988;9000.07168280979;9213.16390292266;7550.1047175183985;7188.891488728394;12222.727571598794;14606.841227767733;12046.114965879373;12320.739181015157;13215.177792064464;10361.711361015412;6478.030000659205;22690.7521508182;11412.048022734267;14809.762120879774;14476.216502130846;10390.72780456703;16347.929089196323;15501.10057837968;19658.05630594326;14357.741729175194;0.0;2691.2989522020457;14659.180807153512;12157.087647182945;15032.103188418329;22943.982994736383;9909.009810399235;11598.943481711796;9958.027799568925;8334.960173823354;4188.048945045472;4799.3850676143265;15112.521213906499;11902.646219099699;8411.079498687493;8124.65598060065;14512.807739512342;2950.106355939845;18875.307602805726;9534.024346442668;18653.094819322243;23626.367620643046;8754.718836610526;7181.512504960857;5563.5561800248;12621.766515377158;3440.775486552228;8335.162108706221;28237.038273313774;15134.827294144223;17164.711196769484;13023.47420876982;2262.8668052933444;18305.73426248612;13002.044230885956;14004.299235034641;10434.278423100646;20629.098926000865;0.0;12132.002727557085;8323.628549184492;24122.208355390263;6513.554432957013;11308.991308851835;3620.1804756696297;13092.02080526748;9899.553331387337;16515.504434937557;9362.981811011072;13646.525059569924;3843.897811881945;4562.427648847909;12809.074579067646;18645.133294764528;5304.336862297078;13176.602242745503;6120.261219037387;9542.595784494157;7592.560035683042;14826.805783637232;9059.122667495756;17225.593343154032;5864.530745104887;18229.756962125142;16467.33240013916;572.9195451406904;11353.538994442593;6934.4780233180945;14673.16784214925;13415.968813966294;8353.186299112238;6126.152923425593;18625.69258031968;13333.357087682425;12133.926636730665;9458.504683071691;20975.886218786567;19328.603429617448;6076.81536480357;11504.105378436998;15573.382154883726;9004.208661811996;9489.442142235743;14312.975094476267;24810.802279006624;6557.9872426288475;9259.635463797544;0.0;11130.249508645205;20925.236855347826;19288.926293951397;20;4476.841790233759;6536.609375360343;4926.046272711036;4753.219214219211;4307.347307896012;2568.826271686363;4916.315727077885;6814.5164335620775;3828.578791413304;5030.3867657890005;5872.121545643728;5390.501755760415;6507.979782219764;5261.446285181103;5087.33128226484;5543.68434844018;3853.9124732565747;6394.356802951661;3795.889894428312;5356.8946139555155;2988.986931265911;5533.646625307634;4457.7925081282565;4067.8663737864495;5794.000761181023;5032.996367743561;5715.886880060419;3982.143492645821;4961.2865190834145;4310.833732653305;6593.359766985563;3081.8068006635326;4046.392136786054;4018.9539630390527;4086.8633491008295;4756.103673927195;4572.792318658423;4764.904561685828;5394.638869853188;6365.735301798597;4301.669597977167;5211.046937006995;3349.441069500589;3348.7028065780314;5172.889471207054;4183.301024130978;4978.962268499557;6046.618171178185;5136.887978864955;6410.74639506296;3652.829746746312;5537.7702582066395;6753.76408563459;2829.367078091002;7351.865867976479;6163.650869021416;4730.417061422679;4329.169717139814;4189.74738402753;4377.961023985554;6812.446193161936;6011.049343471851;4732.340150965703;5217.377264014986;4633.31876511421;4831.166536975304;4940.429163445281;5140.388379434513;5844.022933408596;6172.844197466902;3483.6533584266467;4852.822691476587;3286.885083187216;4744.602366567757;5241.096376349398;4612.275170177991;5383.475612471641;5191.579738551043;5122.367004882762;4804.059840791842;5120.706847028045;3462.7360760581005;5316.589153442494;3999.525512423808;5556.6094818948495;4737.586535216531;3777.815331545667;6895.442469027126;5267.563826873381;5854.7626498697055;6277.2060550570495;4348.865154862215;4945.999579725807;5159.073385298921;5344.297251295948;6154.467363698097;4880.05849154746;6484.9263215741785;4015.1565886663507;4354.182074597779;6024.39017204037;3958.5915835661744;2859.055579420169;2652.537455664653;3309.784718621546;4564.9631272610295;4118.2668440530715;5381.40845211801;5344.343537593461;3290.5401176284313;6201.0019491683715;3609.5869844272856;5774.191076057312;4085.1380353457066;2558.838059616789;4190.550235363013;4200.862622984163;5474.638502894043;6146.118699741537;4165.344245059735;4739.039456585655;6033.239753774995;5317.062070505675;4329.989410526538;4740.032881828642;4482.369493726575;4968.9895095841575;3199.148832690952;3961.9860867858397;5417.840977569849;5137.5611168925925;7035.115986292199;3555.587014962508;4868.161719074577;5760.608335405458;5260.084075779114;5184.096834025224;4337.290399614565;6392.663431800926;4560.374890128394;2457.480857966619;4303.818999579912;3686.5619378632414;4496.93276003266;4352.644981476938;4584.569869949112;2408.179246070808;5738.3092326715405;7149.785017818729;4208.028065716475;3887.334481318069;5410.797038381767;4084.652274370568;5862.208478160666;6084.31721461605;3711.1568366332135;5534.749021211956;5486.285136829377;4618.406979525067;4482.444627629093;6701.271721160796;3976.730204141618;5055.533816417795;4585.15811387098;3414.2033939423072;4227.3170874322295;5702.952223159948;3195.5906755493797;5520.893024565372;4652.614282696869;4614.173746734137;3856.139480032194;7627.391096769876;4652.8597186175675;4339.778963265384;4132.7850661132015;5701.1754672010975;4492.4953972291105;6606.580726134298;4402.224291103815;4311.961551651122;5423.516961221038;7149.875235577722;6982.1990794039075;5095.0084597978885;4017.150416456509;2224.1376857109203;6641.1734509638745;5880.901319677385;5503.663238904746;4676.195824854629;4983.1393368644485;5442.049031261678;1992.1362906830145;3710.1645356544814;5342.082505117777;3903.623922281743;3837.2935819746754;4132.522082918214;2828.432935926099;6301.130228395352;5340.934552989536;4645.113066982724;4855.239027147371;5527.4524634929285;3367.606565762944;3621.024054204961;5067.7905292865225;5059.032809516698;3584.123176381884;5411.671582019444;5343.93222916381;5136.321744389321;4938.385728435844;4139.742538706541;4451.168399777453;5240.856338940572;5288.029871314184;5496.063848798122;4288.176210740297;6034.083382352162;6011.11525152893;4881.2723805667965;5450.150954561632;4845.845203917175;4649.567254130545;4619.058072953461;4836.168812846747;4925.337450363516;5942.3981899637465;4505.197330511406;4592.765276589029;4354.63470509919;4560.916158085634;6655.872990563397;7539.8344694812695;4544.38057078325;5403.77871393717;5043.768907931855;5056.3881281083695;5825.64604252674;3119.6919124679803;4470.215340130874;5672.71104206852;4510.577726376665;4235.3546942435705;3991.553957833419;3745.6599566115;4356.93548725035;5236.941309895751;5351.585321410238;6521.403208512675;4463.688862937584;6016.853470790282;7478.173624206941;2461.2743355663965;4038.130199909126;6927.724840867793;4609.475561720539;5318.566272916728;4284.0560345338745;3587.017121992657;6434.4243252817505;4762.745692046158;5860.158011232517;4113.617947102393;4264.78339294497;5885.811960468564;4409.33686806086;5791.439997084422;5184.889902650728;5626.746849742261;5263.150954554889;5272.777785164939;7360.423947368452;4782.255777384222;5044.624722977955;4965.715846861112;3334.080511616807;3886.517971490379;4505.890034613639;3653.792877158425;4776.265259355885;3300.485633325926;3669.111526803695;6774.913086595918;3901.485250951285;5596.666450407739;5058.96001441741;3589.689786185112;4762.637739501231;7078.593840865298;5171.078160667091;5343.252442643865;5103.428779711543;3954.854344581848;5582.579274828869;4132.392125589829;6255.711936448724;5869.798290962031;4479.153457266149;5715.6299293905395;4655.681269966673;7179.7895432671285;6704.6609881892;6375.7685290137;4057.9932485816244;3618.371878025835;3312.3884571182202;4441.593000503125;4639.024991614488;5682.856420057553;5970.451428915986;3216.5346587548274;4054.9762046844066;4593.939008897378;5428.1046305365035;4231.81910069885;7076.016219365386;5169.308334418274;4146.283824911598;5729.494876500485;4548.374567503462;5808.014938519561;5035.682738026679;4250.893423341742;5745.982550814914;5019.988258180398;6628.046275951863;6796.545641863838;4367.499836229602;4769.442273259817;5353.790088949289;3436.246932569031;5520.0741323179;4328.204524972517;4582.174499290042;3070.5634445801024;5503.113949400104;4297.899142797207;4707.40980864644;5431.086732258225;6964.584226512479;4873.842015183389;2701.31945650805;4642.0936036374105;5116.52207598733;5271.423991894919;3126.150059027419;5820.941188052491;3998.4652502845397;6125.944542848783;2402.6092008300484;5566.539277560811;6946.0023200231235;3371.6388633336755;5464.251329895887;5352.101213629274;6749.24746361205;5744.018080235972;6200.260666092105;4899.522468748178;4265.214517995279;4066.5156230525545;3752.93795290829;4172.267982480053;5148.048783053302;5106.186688935461;5216.575778751909;3677.832176927605;3268.614824328405;2723.6194894180153;4678.264095357995;6726.754499148088;3435.0949900505384;5838.0540233117545;5849.404437506066;5692.094347844654;4917.456822818638;4571.497475120248;4660.774177170644;6844.127576006222;2611.437848827583;5534.774446954792;3588.4209475556568;4305.3738146420865;6811.82498985366;3842.630364161633;7434.715633114762;6022.1399593932165;5066.807651404059;6811.184445307571;1938.4341095139725;5491.582432100053;7573.7452410937685;6782.47687144978;6380.752814135754;5802.174361722008;4847.3536904342745;5822.697771084102;3329.357142152241;5001.935527396176;2497.217267993385;5045.847798280318;4888.279276821437;5349.218175383214;5944.852869150005;5308.753580814398;4237.825282011623;6028.493806773394;4036.347909093608;2941.6358048108946;4350.218576878663;4871.693029373831;4665.639291231224;3997.6055622753797;4928.774272111742;3865.133806179933;4745.601100730296;5525.5949408925135;4493.179688254961;5502.604972187084;6484.010871914355;5126.401376224707;5820.627661342229;5400.511837923526;7365.22356481532;4045.542993393873;4590.42265881686;4444.141616334057;7745.8905170345215;3273.6840438173244;6025.40462758582;3870.128129307168;4646.044085766225;5019.7625173427705;6794.742704377059;4057.5381121421806;4469.283482865827;5582.935394750066;6044.300509035873;5253.9606160944595;7327.3575533821095;6332.623741136231;3817.4170685499457;5852.9708487940625;5044.695871233136;4893.129021924601;5282.395269772911;5629.9044428109055;5904.914564330587;5045.94490575372;5043.296390818983;5423.830388148207;3838.685427080922;4979.993448865047;4859.250246244906;5833.389245565164;4994.768589517027;6795.167600040075;5498.870064299137;5251.380451425717;4228.634408693357;3948.280731591289;5962.0228365619405;4897.545988977041;7501.2307248236475;5310.885276631077;6797.446597114661;4466.61409625698;6415.292587685608;5322.007472277804;4541.935549779802;6085.901542411069;3387.578476666821;2593.9708100271714;6676.955260932382;3027.919167907069;3269.537128851613;5006.362167817549;5179.662336930237;4425.787826039465;3607.5146449812537;6458.07266222131;5595.008436233494;4302.390714517492;4178.443156073796;5650.057008917251;4335.875764441964;5259.986103608479;5158.428600450087;6172.419611750722;4437.567894056298;3592.4431678156275;2175.1201019797154;4567.621256430621;4732.022889815804;4752.00123856182;4558.581486763386;7244.3130634206445;20;23393.294636999195;19538.24185150752;26129.037617621303;24303.768527934248;18866.334407873248;23415.53897570868;22048.87431728356;23224.970632854267;20400.58882355656;23310.50563013976;18280.815542898767;19490.681512843512;23106.520445941827;20687.32109927934;25982.036782877807;26375.829558100864;18558.5109031014;23626.78535119248;26682.518698288568;21950.484311113134;23738.48586386648;24513.570606304627;20124.852434786742;21203.582722530013;21665.76050827437;19089.3257698626;26034.12181794145;24756.81294940625;25244.260022756207;23656.71953409664;18895.11972844373;22296.618479979057;25572.654039904482;23772.61080057966;20764.62969678696;23824.224915552357;19714.975198675627;22878.322257678286;18733.619286087887;17976.550250329736;24630.42301412996;18282.22088469045;25684.077919569067;21028.526119947728;18656.87445284034;20796.938659243337;24771.480184443106;24826.281900050617;23036.49672819372;21254.810338036597;22901.023428727018;27074.550864506866;25034.304759588922;24404.31893698812;22602.386547097798;26506.559135471318;24524.476360747787;25374.1655815896;25848.73505290304;25002.229605251963;15173.983529660689;23189.812431881983;18877.705152072587;21379.4500503808;21815.618892569622;25313.33268313099;26150.494079930053;21672.81286638571;19391.337465025143;18666.500186824887;26453.430609519222;18876.723871466682;22342.587379606266;22183.87296528656;20127.895410472345;24958.238450932997;21735.92958012616;19150.105906484758;22282.55960702149;19467.61020987688;22951.16786767041;26893.304252803886;21750.970979180136;24493.896465383637;24082.098690832383;25227.162069893457;23255.8082933886;22410.23483766665;22501.200286596068;18902.147121673133;27478.415902439323;24808.691175715463;26078.233606344238;25644.168995071945;21906.61457392813;19971.717212122814;20544.292333342462;16901.487314774382;21932.79007479696;20813.22021656381;24207.664086252666;27537.53099779076;25085.257176156167;22322.426497914515;24789.096676574878;23987.45536140288;26582.696431461656;16283.525592831787;22637.295421801457;19473.67507091977;21633.438043510992;21990.20098172452;27427.31543215824;26367.82731504469;23946.561047481475;25176.405606886976;24192.70226262599;25300.17852532748;21642.447184888377;23538.592017803443;16531.355833428424;20200.32265584409;17497.86654069539;22150.43150240229;24460.37880473424;21492.120537013663;23634.060257366848;22065.555802538358;21369.002686907173;24035.848921934947;20093.026994061627;18605.541952984808;20909.839355160177;24284.73037494249;23986.75821975596;22482.133290821406;22758.500733428493;18963.57480922548;20051.848213539386;21360.68244996839;25336.18403842665;26067.115531028594;26965.57149440184;21252.466264145438;26420.25273311256;24695.35974184245;24474.99830329521;23272.04226990239;21509.775216808044;20451.7577971152;24704.236310394102;26587.734055373843;17396.325190313273;19460.89632936587;26871.74620735989;24760.043171203208;21756.006462516667;23275.810938636278;24177.96548050304;20627.204677561163;20924.676388302098;22039.938378675084;26859.177505274638;27721.609619132003;23523.09573460462;25096.57504040399;19578.21374296608;20636.84827933167;23715.372349444668;23482.53892731937;19995.131422962637;20076.48967385759;20628.04683595085;26344.92281138122;25225.533042055562;23488.125706831983;24041.32765264951;28486.76208033481;26412.38308619275;22527.24448358059;22790.09073274576;26278.634246887457;26391.06514755226;28340.755740093286;21820.30335252204;20428.85968416101;24156.225842448486;23174.199930948267;22256.046474933624;18051.773946697933;20892.113867195847;21750.5816644754;17891.11820925708;25286.481488521094;24378.64343497785;21649.216551674548;27263.899070360487;19427.66668546084;17265.867749090783;20540.331228151743;23754.96379561076;21088.067018680544;25458.89307594204;23864.343200313662;23736.225842043066;22631.011506196344;23799.025045556737;24904.619624603863;21475.909206356315;24889.74614485229;17076.374179966082;28355.55572459483;26740.582155642725;20161.65856887352;26190.334618501005;21230.57901538044;20671.272182237844;24167.91911941081;22079.905520091957;23027.25116453248;20648.05996571247;24397.778402233926;22326.727453322987;17990.22692178671;21409.626315542257;26301.335562046846;22321.43735631072;24397.127811714246;24150.25383840016;20542.235434778337;19545.74552188355;15151.596967127287;20509.414528066096;24203.789995040133;26094.559345831334;21255.849930064025;22504.357745862817;25524.91928940231;20446.9888921624;24804.34002661749;25895.65638947083;20769.250908924296;20800.83723654934;22964.795782985253;17617.943911554736;19309.235626598067;21556.21054049292;22644.88127855413;19745.911926209166;20266.6598240568;21571.59456506235;19666.634058224976;16097.54441462136;23637.29050480418;27740.321972720543;16235.51854023614;20755.138757236087;26001.453674731925;20336.799050291687;20802.220168332744;23677.55526114877;29868.508535954097;24972.335492268838;25183.5256367254;26167.63041503737;21009.37237255112;23270.03538474802;19910.29888624124;20336.394080825718;22960.784825945288;18933.99238000837;23776.755003556733;23422.545026365588;24371.00522804848;24073.751256815103;20066.171692693308;24805.965484303222;26783.428847400955;21709.60078705133;27354.82282643625;23060.13997456853;24854.419512064247;21508.304648069665;27014.751531636095;21084.5774168228;20623.0702971888;20438.297256725717;25328.542198672145;18630.35475172189;23919.611843085284;23225.1125777896;14661.0654166459;18901.839949594723;22483.203909679145;26552.082330312598;20468.482261787656;23860.39368327205;25247.606296284;21901.156870911247;24047.314720478837;19205.855547267718;16181.828417107725;24659.824584741167;23759.246488772616;23843.12425517032;23320.5378975602;20751.120947087333;17355.850822491742;23300.50995221329;23621.749373483857;23485.472674679804;28271.53425523378;28556.273683881518;18066.154140433995;25948.467650052142;21990.259765930943;21605.22600466547;26498.43757431333;23701.12456930316;23877.58443013583;21764.533548988395;19107.41495673518;25252.95793415161;27058.741771091278;24311.531530965764;21247.6826727343;30002.678061167357;27699.37374759497;21450.638032443272;22706.506051267344;21921.119596805125;19948.253535246324;18119.23327885703;25817.456809491163;21109.528011669103;22701.49118683998;22027.181870101944;18161.855330579765;22437.8887611188;21960.031538929186;20923.065824273133;24410.71250996714;26663.857880185526;24631.11556424919;21141.662000749893;23689.923520618642;20141.060720649373;25796.55192627353;22235.445893606364;24408.167028406293;19173.092161820558;25195.700724543043;21270.517606346755;21844.535493672305;27287.332703448727;23898.956495796025;21175.60612950916;23007.27450771828;21269.027040528283;15464.161821829868;27852.71023378898;26700.97731720417;24854.057256716816;27094.497212851216;28224.986006710944;21558.96167058929;18620.9710758344;22433.865568764777;22245.058218393668;26214.75877113001;18407.05682992981;23887.10390613833;23912.059412480063;20576.829118106292;22923.654622238922;24184.308240574745;23750.92916517689;24879.819369070865;18981.94249387173;24173.032020789284;27428.85357618802;20843.202946207293;25253.79669064915;24215.966141063574;17319.543976307323;24325.54656754961;26589.667412081402;27235.27052783178;23759.459655572442;21440.408532853096;28811.315689265215;23955.844477720897;20465.70636757988;20533.70280238755;18714.110456187842;23410.119613039184;28054.072973225917;24051.01574655864;20695.912633117932;22831.731497355107;24086.30689660085;19707.379128830325;20844.910363200026;25258.259421098417;26717.11052452746;21502.45442180924;18086.61007866253;22412.6162356525;22559.816021851777;21600.493960411448;22147.553945262065;22181.91098286125;26369.205422118106;19530.21654371648;18809.53237682556;22727.39567104544;23140.596070820728;19633.733234096493;26136.971610149394;16324.584880767063;22357.091625994264;21871.57204405731;23044.9480767841;22403.37555902664;23388.33468338212;17486.121496121432;23229.139625250038;22406.974453899962;24198.292130157017;24203.08720113025;23040.97043895488;20006.71481483015;21199.762971595206;27503.202755219238;21002.886813321915;25072.14086547393;18429.184342363456;23896.121283334243;29171.040149726294;27023.304149432184;20763.238442311384;21234.629352809417;22739.753108268746;28764.474304052044;19461.254471554566;29833.64372621612;20504.56750761895;23681.17122421083;23920.169221795684;15627.251557610027;23403.719164119484;20552.16875176826;28338.6373380318;20605.47550372558;25184.57677855638;22751.989950821826;26379.238087511665;19011.177098110005;21008.208267895207;22128.69738419385;24855.5638011538;22926.004612435037;21322.707882188748;26189.702706337244;26424.81727421076;19979.98752414716;24506.66796431517;18879.295368184463;21620.73031315039;19691.15189854616;19157.476735390635;24648.62404632709;23433.56391049141;18585.947892306827;19078.839055202632;27384.486297486612;20983.581121340907;28304.525069994816;22001.439583904063;20768.2243742284;23711.43342725167;30771.272254984702;24275.169998796835;21863.7591414997;22159.277651720986;22623.231395216408;20026.72587705148;25690.999968065844;26565.200717357973;24933.352659338605;26182.863976223067;22605.598216509883;21934.75149456245;29810.070131385888;23551.276865704847;22328.143828332886;22064.07281724588;21737.549343583327;22760.808007330674;24290.634600768022;30.0;28575.69091495436;28193.838253732305;24666.47499992124;27096.552406440707;24981.27796821309;28655.963013961493;26973.21957907396;29808.214044945995;27908.637463698607;30459.07725676705;24215.401563800475;29150.136838137296;26841.802653225088;29962.16408526125;27158.196776592933;27601.807756557242;26668.85262469016;25204.9599169789;21256.592134563536;23456.250597497597;21718.160475510722;24313.44615292045;24827.302431986012;25020.90818835017;23893.990383777462;28469.58484117877;27483.004192314038;27990.616279391943;26091.938349258184;27288.500793596402;24503.291103434956;26763.17800137832;25305.225758506524;26043.3299543106;22593.10986348785;30837.529866803765;29045.003351518564;25110.61268172646;26337.073622771928;27151.064025180498;23507.322091530485;23173.588063734525;26993.262438720943;26124.851399779862;26796.849504724374;24510.193055811527;26250.385659968382;28962.761499988574;27686.73208642025;26551.54345666178;25105.79684561769;22533.25797135576;25443.37105544679;26581.723020745565;22775.566286836493;29814.95927065485;26205.59581176994;27281.662918841503;24478.211242313442;24037.98981869528;27236.810957850743;26211.94282949939;23210.28334468917;24180.589165629117;23475.558436967123;29112.970301975045;27548.826018455078;25573.871650404282;28573.241165433057;28093.082855876968;26639.83789700098;25693.457537083403;24873.492196182637;24880.368049727873;26554.664343208173;24071.615336587038;29206.507644831523;22442.41703968813;27030.483501128092;24946.466815948883;28403.61104578009;26184.443638293666;22615.847948150968;27899.587095911058;24596.542629289124;24591.62673995242;27207.916111137583;24723.516988155297;25012.255199706102;26124.32933422409;25103.895391325397;26923.625794835265;31245.264478446767;25634.318698512838;24686.702789881914;25192.191891878272;29427.2389531572;24220.337268029933;23861.332471004225;28189.98599261978;23895.63809782769;25770.927161630054;23775.26410692933;29204.078943034136;23522.986870655863;25081.29362109041;29384.26669180492;24356.472276614244;27394.199138255244;23843.18479725488;25366.52866734524;23654.003544556406;23757.24594735209;25179.82533766113;24286.738947387963;25164.562514656318;24419.38970320596;27082.107341354364;27755.820846580864;24542.7843107968;24316.333428964645;29047.189086057588;29599.540117019467;23349.854289647406;23709.00128476072;24434.370364896065;25739.181056659654;24528.490285477466;27438.666685778364;23921.558033737016;24434.98752114773;20326.33582146341;25913.58998439213;27237.001448045285;29132.9152579636;27943.164137766675;25129.163559010594;24036.401257299134;26351.708426203768;28131.241984822733;27758.39009712766;26348.794876367872;28949.14002162357;27683.818711310254;30193.663813733398;28227.794072796387;25140.413648620717;22350.644568186617;25050.1236153889;22641.2485487576;25132.599339371503;26803.702948605533;27192.46635167576;26645.539212308628;24980.661900961768;25983.95189261333;28845.76407993787;25970.326378379217;22389.002373643427;26782.65537387751;30284.88315347821;24972.469304775626;26879.804214111715;22465.54473781748;26672.80876439572;26894.798088337127;25056.315379319545;27718.632345669565;26974.232684203416;28451.539855425355;23267.284093788378;25171.509163863615;27288.704890735116;25413.58335560379;30201.989213994813;28485.913872046847;27159.183454717662;24167.88489790461;26177.686792336794;27841.79617529712;25190.107724859266;23331.512398310362;25833.25071304142;24388.060267277404;24415.02393908208;26383.66378890539;27051.04102775541;28088.033336083136;26569.00147451069;22103.934760475986;25098.204146676006;28388.941243248242;27671.56005959893;31178.768084148323;25231.87872065925;23537.26310982211;25039.77892771248;27428.179481880707;27698.063001623526;27677.968449334385;24940.39837488409;24562.151431232603;22325.848791539844;26989.035832317106;25933.776104532124;24887.63066374021;22398.24268275049;25418.57765319547;26639.54022170681;23362.432160185763;27351.731696786333;26212.584540694545;22750.50069753796;28814.500534789662;27887.928479470494;26893.447677949887;27170.70940446333;22365.325776011163;26050.68473077145;30533.74446811616;25249.151373600063;28560.28065987496;25208.031929580742;25631.057329951705;28658.895728297714;25656.42033685781;28160.225252192133;26134.844878324555;26821.792671635747;28188.472050020362;22075.996806016366;25870.674541639848;21248.384693870703;26612.760552950782;27415.340497837125;25087.585286507;28922.919424346732;29965.362366529727;26823.69148332732;26393.2492149366;24870.66925622635;27564.20571104238;27979.208362081503;24272.25003946013;27572.364138910016;27031.998807216944;26008.524770643668;23873.732484318985;23637.855351954542;25992.52745190297;25720.652289564154;28391.929257425083;28627.498665582767;23760.060566465778;26487.520637444853;23330.346910674965;25288.24315133519;22986.382887821987;26109.227630282614;27629.24128442824;25870.862613597757;29123.024520214945;24879.230582944765;25449.066006479152;26425.84331377169;24136.32842719848;24714.844411507787;25877.980765073662;24047.117477672822;21654.37873914853;24823.40202386756;25733.70802173917;23690.00032578372;22726.31212185;22814.750978048007;26890.750508868397;24025.79451087001;27655.784810028832;22674.309261978888;26576.082723005835;22086.786621390824;26903.161847497613;22856.13811603541;25643.77946025506;26427.67393187193;24880.572712134694;26435.11397640728;26452.26533785594;28528.730783376137;25539.45732461694;25890.956889911206;24878.91264316288;30200.058670271337;26873.00697103607;25215.929868083;26191.748889864222;26960.59588116396;24870.98397898961;23797.073831374462;25704.552943207367;26151.671150525806;24771.80977737148;26175.863645699294;27411.392255259947;27075.457192991773;27027.719252461535;27568.87434033924;30523.64363499215;25649.683133410967;25012.477069689434;25024.238225583857;28227.635825597852;25980.26507467824;24348.014256655577;22358.668826614918;27350.225443150142;24201.756729406497;27477.079952953263;28800.949175240698;23046.067714761393;28117.171866508197;25700.970229892606;24990.49237599999;26142.559223796176;27601.125456472666;23391.993365422557;24680.029694352896;28387.643879073796;28155.44662953528;26495.936568691337;28546.67867913765;26957.25670522501;27567.305901101226;23567.814091009015;24608.297120373278;26074.991504622067;27689.74987893349;25549.7913917012;25473.11157663469;29282.041010114903;25156.902746110805;25932.352134376983;25078.871295212848;28935.394894801222;26428.199645361317;27822.497284020566;27711.843336076603;23461.93480462853;28969.821020391766;28964.994447516343;26195.65402803924;24946.382259552538;23056.313995758526;28151.090294243208;26697.483274559552;29234.799129586005;25128.024875385352;27998.515278547868;26158.96464050666;29520.510729132533;28305.274172261128;28409.80993744171;29417.720068542363;24536.021279593217;25169.66748069821;26071.93992291296;23998.85362937951;24134.341245667725;27026.882688189107;24171.533260708165;27743.109264205108;26660.810980781756;29394.478386337563;27779.856418528496;27651.834814715967;27129.90230689213;26098.000813475537;28768.55283855647;24453.092749516705;26917.205518585368;27580.26000182676;28223.874903645785;25835.361338493207;25490.060884773902;25500.473731127167;25275.976784770955;24686.5443125856;26873.365824507968;24697.911602362306;25563.80481685393;23906.932772546745;24073.05888908763;29469.53884640067;27242.52284741714;25772.606283150293;26586.521328296825;27282.64904813542;26587.237767236693;27062.45581526962;24025.21237902273;24639.183420658843;25785.567528552598;24953.635433339503;28251.080081972963;24164.19840386165;23429.482941214494;25928.78557157025;25928.29897598408;25696.34910174021;26654.052783709234;24179.583426345474;23839.3864003412;26796.374610448973;25081.42669226028;22145.440262833887;23460.11709464282;25668.99586755704;24682.974680636566;25515.17583302652;25796.73012171705;28639.68554265504;24200.65879758328;28680.730612803774;28254.53180640945;22687.462896675665;23847.353071293892;28481.26405089853;23087.16027621884;28520.166558000543;22690.398319603828;27658.442216223324;30330.818294216075;24137.368903241495;27275.683738730488;25053.311540665956;27947.982774404445;25751.638720838022;23504.609094101725;24973.431932744155;28846.178355281725;28045.42434816833;24636.093687879096;26462.81027571146;22287.245391431068;28146.984863896163;25156.01526315022;24218.92178022505;25566.179666769043;27526.48611599249;24167.302654565792;28558.122918982885;24152.034237767806;29516.28800007636;27946.982509416124;26378.75415280582;26342.613429391182;30955.9879127154;27264.237112063725;26530.894549756544;27009.05513785812;26127.894240337828;28273.564119769508;29406.354666893374;25162.23359680043;25495.72384038834;23723.595604528786;24271.312473195787;25420.2647139804;25084.68305248408;24967.012157804293;23414.85161510485;25629.56089837716;22720.724466129926;27874.65260709322;28628.05753147602;24370.404602476738;25423.171938995285;29906.96155829213;26940.912833595245;23537.676641773185;26565.542659246123;24356.677368775454;24996.313381478027;25583.35369091624;23733.561560654303;25012.9216741182;25887.382581517057;25615.680854356087;24251.513864922228;26759.6718995169;28158.493015356144;28684.934831526494;27484.487428827262;26433.059713819952;24752.923116185662;23420.86114555588;24940.06958064013;23171.545402895827;25910.48853593947;26353.75684422355;30.0;26135.126936566267;24855.965590038224;20451.352799302258;22862.62006739083;27180.029495214476;21268.910799647696;22426.654938904005;28212.234102074042;26757.074478164697;26296.977476122258;22707.640962238926;30878.7133453769;26399.011757115284;26219.631802494558;26323.741428753427;26862.845222058444;24133.2201535256;25482.854493843806;24772.74666683367;23306.158744945533;21467.663906908598;24125.06805262764;24641.660929191174;28546.25252099029;23962.794449101708;23292.672312282695;24993.10849574889;24027.470046923423;19364.188447683217;28635.244257514212;27173.1854773573;27913.88445780274;29121.57046184082;21605.711929854402;25403.610338577542;24225.072689528242;20303.28319234666;25639.47250792758;24221.61752916211;27190.301170662344;21511.236347844402;26977.733884721663;24088.441429173778;25142.883508829487;24768.064921188623;26804.81918484276;25275.045800628744;25923.123844363585;23088.481819087854;25647.17304095469;25256.520649146354;23478.553078559667;21913.689817544593;24416.264755150474;22798.202264632888;26774.934867625212;31260.350534244477;22703.867357133502;24010.166761074564;22473.39770629312;23678.40060634758;23527.984992840262;22668.808089814935;21985.4729045988;23320.713263066922;30615.636672021814;25417.61086688558;24017.707963348643;23032.521002684152;24220.371454542736;22454.851432687843;22855.7791476232;25271.29625146981;21896.62590944345;22488.085700108168;28048.91856787425;26345.292311032576;22498.37711293084;25559.476563376746;24171.471776919003;26035.411743171608;27760.994635708907;26793.687813606564;25351.307920447325;22954.03505997438;23271.730486395816;29077.180852879763;24934.74309882419;19796.64704414274;22757.067493195173;21641.05064046822;24888.888570560004;22900.60048891492;19891.21111781615;24189.12468761589;26631.799334000643;27951.701349450923;23838.684642889944;24120.84639058721;29398.45402833064;27458.195620309547;23533.321140248903;25811.81511714284;25870.996952153113;26651.918475404316;23104.44511633057;25692.102118217783;31759.116668198272;20705.652815925212;25989.099016692475;25096.0962621081;22450.53321364;24828.93549588738;25158.553173722772;25693.35628175114;24294.796782987967;24524.536066172423;26981.191822543704;27425.59396231106;27900.8435418389;25968.951745637165;20302.391301009848;23786.448370484686;19345.173325097712;26469.06197476024;28923.114564806354;24411.41238091558;22186.732710705786;32499.34002404408;24612.092582600526;22697.402517693354;23782.08817295795;23730.52896197879;19837.622646324784;25328.599945485323;23979.096783038483;27714.816581400635;26721.181917320806;23127.060239336173;29869.84004077568;27922.098074334543;22146.49545667787;24375.09648060053;24574.037773393506;21511.11605866629;26116.61808170077;24245.053841482928;26224.822663877298;20252.521362777406;27995.94447776964;27041.039278899778;28237.09379465683;31616.24140275942;29499.82132096673;23339.119705801706;23840.184070270072;31486.480467077923;24983.995404126807;27341.244052998016;22278.135099170373;19487.653831815966;21898.924418986528;27757.55928621289;20929.546199269484;30629.696439237345;25728.040821405215;30501.99971449312;22877.307445010567;25218.637210625096;21669.873419760275;22587.49477541071;27063.856643251733;26362.13374404043;22590.723883255447;27043.63046000581;28799.83331827115;26442.708704705863;22580.330515941216;24485.859655651777;25971.592645936114;27727.886114811405;25469.768429601107;30651.019774538858;24215.899204364352;27339.99168563325;25454.715539183606;26549.352156198358;27837.75933941559;29329.59288556876;20773.942798261793;25701.509164902156;27790.2521241434;25826.820086876665;23805.53447691302;23910.137154288088;22936.27214601207;21877.458031661707;23681.90980021117;27598.715278028878;20631.262331680184;24750.595447435546;22053.447621402574;23227.65015762397;25882.610036722974;25972.81894332463;23524.16616006015;23298.69466483628;23916.289918687817;28109.634691037903;22798.974650469227;25536.09470094509;24384.790395101445;21047.531827025174;22620.7759756305;17835.608712373018;26859.92508588467;24900.308413646784;23314.601539146373;21641.895343973636;26796.817539221298;20710.46429951597;23411.805987832475;26830.533452901967;29945.928357196783;23760.958135743927;20892.94546222208;23372.784642329287;23898.894606546644;24311.70999350711;28457.351749413538;24229.12264514588;23005.828296374082;18809.03779812792;25279.774060794658;24533.21129395644;24825.78286912876;26554.859806923414;22031.16632934601;24404.75077953189;20800.03620424369;21517.86194809823;24141.85954057287;21839.411833318223;21869.888990763684;27217.357549313092;26408.979991998858;23791.944954174694;21314.027026793286;25048.02295743377;26033.340727415576;18117.086432165383;28763.963335523982;23349.725823360794;28292.493434836684;28002.0356857284;28860.821416855717;24586.7426031437;23415.14554673474;26476.429925842596;26874.574253165185;27344.00982181201;20242.619046401906;28046.93523019517;26647.823411672845;23918.58936370025;31006.32132355348;26867.270132528865;27951.68879674455;23422.408045035645;26925.79857240355;26638.998417528346;26461.81431872288;25300.388923049657;29275.44166465561;24688.987066081732;25705.891103614456;24837.058270405294;28361.368735593307;25673.19711017608;24342.78306226652;20817.525423147097;25733.219404812888;24344.881697590252;24602.22642374417;23673.8444939889;19443.794770197554;24574.86999805709;23299.44926722426;22476.320113330326;27689.409573778496;25942.648818588954;27674.452046019855;21960.76024009834;26460.998878431485;25412.93195217094;22257.70025365857;21473.53656095745;24079.21315723988;21851.2232893788;26350.590822286467;23355.74378147861;24635.325775653495;23756.668965913217;25774.292313955753;25750.366443601262;24569.85534910439;24515.44433477657;21529.170376562;23073.896081066363;25341.38820374709;23645.99052383513;26007.575597595376;22769.771570879027;26056.119236221122;28158.706713146268;27461.002588404157;26961.67111495873;28716.763307211688;28125.061717215125;22623.910139437226;22758.14408143179;28953.582852408777;24833.880987964236;23828.477949941735;22697.79332946175;23933.550373471364;24585.318820078828;21261.04664921439;30274.053981106237;24449.167946147554;25946.253626591235;24668.718251236594;25918.244665056085;22473.53292027713;30032.497806694235;22173.292008787466;22082.766373757902;24839.751409915323;27857.70384690035;27580.981281411485;26323.23040729769;23469.90546885688;22859.457958943327;25441.470882333713;27028.24092788971;25266.719779633466;24879.361727317602;24373.723443180636;23656.741027910546;27603.48063383741;24368.915496257046;23536.866762507314;23563.164745156217;25262.0162532084;26881.030900471775;25947.153205731218;25512.116626972056;23768.40454869312;26417.635303060255;27601.75773309297;23989.094815410277;24297.72679040004;25329.989434740797;28290.021776306887;23303.872797181324;25745.40099090556;27152.4755599184;23542.7376493357;25587.544339652894;27624.04551520977;24126.89273522878;23840.647361699128;24761.154117517137;28052.44093078097;24483.500336452402;27557.734100927963;26376.415147802538;25149.383753852362;22709.61431578188;26115.178107201653;24695.467192619202;23350.859841721263;26637.384765525785;26999.341010677716;27125.36782800359;20655.48167652004;28656.033609676633;28496.149621022465;25782.43399544181;23862.944727336282;22689.734237945406;28433.688315177467;19960.92025419001;29280.375770450322;23118.34813745723;26489.96623388496;21945.221978234178;25669.756588789995;27026.682734024318;23696.26910044046;21261.304027885613;20377.509825948917;22487.674909450925;26195.327314692127;27259.47354321344;33852.360456219016;29318.8561019132;26178.04962776317;27909.680870885684;25201.052463906555;28976.796831876643;30009.745312329156;28029.680647234647;21863.007825121767;26318.251741072643;25458.639179790815;26225.25351801231;23526.746792689475;28027.905158943104;24114.488450398872;25576.82408542498;24996.929051613835;27791.105079964764;28098.32352498461;17336.484227782155;25671.72493686727;29523.01564442303;18470.98404477164;23523.983194286044;23539.22793496505;26333.273429217916;28799.61441185917;24404.78640182216;22140.586565676746;29005.257102410644;25338.096422927745;30766.003228159057;25179.85970664207;22292.176414989965;25632.865558832957;22850.16656959331;26599.38212031514;21139.69807889136;21993.944149368137;22211.863566753997;27963.33829105911;24408.204957394846;27377.434216386137;24049.275834781736;25873.840802627452;25710.66942749468;26161.24168092436;23825.024423183226;24397.772690249374;27087.4800991347;26126.432811618542;18895.9541730784;22182.74224027538;29200.322195616856;24436.96497639857;22772.488586378444;25221.88248231999;25650.443243550086;21073.910289365722;30227.724433170602;26719.42106877273;29915.6571180401;26264.321510852722;27442.330144477633;30414.96090439031;22899.23186064764;23420.403229705713;26950.616711209666;29444.464611243293;25809.675478325145;22463.755799146704;21803.117928790183;23207.299307925598;25580.463012939712;23642.962826666957;23885.559048830582;24279.94290136289;28375.234007975232;21729.82260073525;18935.199792662;23795.267830644356;22743.60866512201;26540.055470383835;24465.706648246996;23489.064371574128;21013.797794555852;21741.090411278292;24068.194162013486;23903.502586379553;24694.63484332407;24670.898345290654;22091.233543516973;24351.385097127295;26608.086227836306;28580.659586543894;30.0
4;40.0;22512.62325473229;15860.261740363638;22159.35434540395;19680.049412102395;15847.721399688891;20933.87578608226;18467.224619013232;17772.96495889637;24841.710742434887;20756.14677681934;22384.25135712175;20470.11577994512;19689.833084254184;17647.146926622678;21949.25605787526;16445.49525247456;21674.360690459078;19290.02217453151;16585.338872758115;17103.162853582136;23346.246430345454;22398.24599945512;21864.98211983982;20398.74367660172;21514.900429550547;27393.55241323377;18370.12495283076;18394.909727278;13628.700176540566;21351.83384256958;17016.843577040905;20337.942763077903;18928.807170232616;17447.828296669264;18803.429904427576;19033.75432971821;19125.562810163665;16341.1040287255;20104.634400303326;19119.786856726743;26232.007432193488;16832.436622283632;20174.211078091244;22212.179592875826;17209.65229211802;19770.21419692377;20767.202543427968;19816.768425145896;17638.226161703267;20557.404873950625;24676.79839652141;17105.445448847193;23044.518042465577;16583.515572559652;20576.649066490005;22254.457256677528;18333.698632975604;18543.22535905849;19010.086570616404;20123.90519118541;15372.06519496691;20827.485214034707;21753.594270838505;22895.60332069421;16073.190857701537;20651.785291668202;19208.521383752155;21962.604215462736;20564.330194748203;22724.03727610712;21146.83268678114;19309.423854465203;18247.89435090913;20655.870140870247;19664.294198782653;25923.067615134933;23007.081417641133;19238.808818329257;19031.600435636577;21498.447883373803;20190.50037031534;22622.04794931736;17592.593127655113;15488.025231959231;21067.06848695215;21828.347845143737;19506.073002756784;23964.33739440437;25602.09723829161;21367.36183860424;21532.8951793208;20468.86536943192;16753.31065657902;21066.940626338943;23666.1672211251;16442.891667039454;19762.63563746321;14913.855417759869;18707.73127266137;22765.8858747033;17098.80280873202;21082.99216356153;20426.47668364228;19786.62239593597;24022.40010374755;24035.616883906;20928.31325541573;17385.198237164506;24461.17457542178;19397.276974086468;21487.337387170475;19845.350100463518;21599.229932168568;21209.504500119016;20083.750979430304;16033.915371828733;16577.538021816265;24792.661899823863;21644.578766137733;19582.18684470624;17211.303697448853;16107.683863050137;18525.054900526135;16540.90310509846;18000.282758801914;15467.85679190644;23888.74600138504;24124.321439112384;20291.814982641947;16859.931654077212;18471.495820170494;17653.858564932154;14816.945436899998;18352.513067323518;11285.008724857793;18799.312524128763;22396.255018995653;19123.484529889174;23119.144070971302;22814.78215638049;21795.15646417854;20042.372838409152;23722.22436814687;22693.252953730054;21397.42362504296;20889.93336620264;16439.551856264654;16128.135545962688;21004.51201421366;19004.92634286503;18617.702652252003;22347.8959616868;18843.01620218584;22345.70521220713;22396.17538038975;21384.82528745757;21221.94735763473;22683.418202596;20157.302408281128;22770.10150775185;21796.79541058114;24718.06933627708;16366.264819812617;21208.28538689686;21335.685289258407;20011.427395829243;23477.106670686142;22295.448510713737;22519.03363980016;19401.158949264798;19994.567484711035;18298.67321606941;20905.404848695132;14919.473356172068;22225.714778436748;21286.129858024804;18403.866825144967;22531.70611247986;15275.351757620356;17761.340588367246;21132.358747961884;22252.01116594185;25808.987860988105;25459.352697675986;22409.31847988579;15856.548923164162;18459.647133950424;20725.294126211127;20661.55296861536;19736.451088075028;13172.914234409995;20784.735251561186;16103.678007129458;18625.56240032641;22247.13428666505;20423.286954532057;20566.39256544065;23825.825917998744;12639.073021317017;21178.530945860646;22521.92606540956;16492.352494841856;18523.53423611381;19194.452565111616;14064.359202058764;22534.238331470282;15943.179426806888;20793.46914919345;21117.319815590407;18250.519307071423;18567.128957289267;18528.417193517656;22132.350174994703;23266.04712512004;20078.599502704386;21606.205106904912;22476.02943452704;18327.769194008168;19533.046691677428;15138.559140935471;21425.50900858971;19382.539924183955;22441.648283692;20956.191000943163;24075.435501478154;25296.77566809466;17619.184129836718;16167.629539529404;21812.733712124267;18655.22165495609;21228.301541279252;22140.872155185985;18887.933895733568;16630.863256774952;18690.861591570814;19537.790043296347;17157.31256742194;20133.60345598332;17571.158959831355;18684.06853766926;18905.570696366034;17615.110493436125;20796.14307390456;24404.92089719249;16947.665958259317;22722.1468243322;15944.973957018374;21364.482500789418;17158.73263298421;20641.9145975691;17525.493876914872;18920.142954898976;20118.55167909472;18421.362427021308;18551.24871110648;18576.4732629063;17313.580800158277;21481.06478986174;21310.792773207042;19439.229141405696;22043.9695023553;16431.015188142017;18346.3370732306;17612.851022259012;19777.313234512723;26461.786677163018;13834.289824944775;19076.381362543485;20717.025287479093;20851.15031721499;18503.287908937462;19357.804587661245;21631.61330434565;16328.769822909224;17342.16940655512;25366.48977835407;20353.651087010578;26633.105034901168;22716.338247799926;21891.437099325492;18912.95134708725;15619.328173340751;13734.365082806817;20792.321530540143;24482.09158379351;17769.647885436298;20078.397532647374;17108.332477868862;20753.863967142715;23851.289928445964;16084.583838899109;22897.387533932557;16682.357469408576;21235.417714966483;19247.620793296668;21771.11204475172;20347.551531617657;19776.19852597567;18127.370722062704;17127.190437516667;19366.578317866657;22740.787691601367;19826.95273935016;25497.111233018022;14223.27483812309;23241.31378504452;17512.888149018014;21585.1737540915;18490.41830495819;25027.49336769504;20106.964228974586;25348.362677439083;18061.753020387;23341.56482847645;18768.213687277683;17261.220120321752;16722.245397720253;18119.34989257686;23423.949688782643;21902.016275707792;21175.533287426115;20692.746796176856;22700.99486131877;20422.028657111776;17648.676260792457;14504.156704171077;21820.703719277648;20051.698824500232;18306.45064406704;14842.413366904548;16168.264336135122;15809.11318205374;21067.05399165464;22577.8137058524;20293.642040030893;25159.564076857525;21424.442901705006;22113.327290354668;21499.349740503923;20318.367934061487;17860.95785646827;21889.539513312262;20808.65415162404;20540.24431955731;13201.678838551372;25016.94592717172;24885.491987246704;16401.75918368857;17973.134144665764;20335.281400338677;22632.929011599932;27757.21246046254;20503.599874098032;18840.210425653207;21691.266185579032;22209.52463511897;17254.803775356446;20452.12079562812;20099.15887407384;19583.312967284706;20131.540470539087;17319.690461628747;22714.941096641556;23108.524564539282;20542.439915059826;22757.98273858023;18203.612089847367;21514.27699842146;18014.14153949402;25781.747978764863;25581.13029080043;18928.91903929088;24226.13312478335;19081.687776939667;16086.4931129959;21970.672748578;19467.031520697707;20557.980876633854;22871.73306609437;23276.38985515688;21281.055186871967;16587.894702489284;20112.53069304816;15701.074898086103;24451.567050345533;13413.606613857824;15694.084477238364;18498.25214910248;23017.402256755387;18170.697252543414;22331.852631296933;18290.379353479173;21894.944721424068;22202.261623446408;19031.772367595084;17925.920851987186;21388.95737446796;16267.078410559065;20656.687328308533;22104.164975479067;15999.817666555262;19954.604547129347;16500.422361833218;24216.98104405;20305.11685873213;14875.37683822388;26957.95304669165;19621.622042066047;23625.54573618785;22723.901866098007;23527.36712765105;19409.32906917216;10765.410963985483;23623.409432091932;19047.31143855954;22577.008300726466;23739.182448401123;20302.30676807159;23068.128543231713;20494.02909283639;18080.222457462605;16984.693761975635;21865.127611224725;16283.366517510482;23138.343279366083;20945.908567943654;22689.43818685453;18744.251368951493;19623.963699533382;17493.37133926624;16300.650329491355;20721.73298977188;21193.027068877374;18320.064389486208;18953.83898720616;18728.354883807464;18324.954287543085;23475.17833399953;22111.210399146188;24191.563128880123;18239.991889886463;19892.906963371475;24290.45231012933;22087.723637032406;23029.60755375689;19176.625960906804;17774.70473896205;15189.465847841246;24948.278319121906;25283.15613264831;22092.932125218853;17940.181678781122;18869.537940526134;20257.862366427908;22571.61758606355;20832.04575223504;23184.49954445437;18819.93719494762;18141.683168977168;14544.514382528538;18570.646624262685;22716.646840395617;21070.130341858137;21468.37295999021;19398.626014137782;20624.99278076228;21523.85814521636;19542.32333773801;23854.956875107313;19473.89031631011;15235.874317042031;23460.14469470207;17935.908984858284;22364.050589110077;23551.495018457208;19113.23149889813;16588.943510015146;20086.75691590902;19952.992095229223;22440.90388584311;18416.794025739484;20666.98188434892;16233.076931299416;25988.820226669308;22763.738016614014;22067.54499821857;20663.671826650225;19297.875019977168;25388.327967161964;15316.067817707593;24562.724381016364;18720.400039108605;18616.847956601945;21779.84222537461;17412.081101983444;19366.005885548995;21653.8125251628;19665.495533783607;19675.205462679936;20712.643782355346;46053.234605691134;47074.010470413916;46803.892591436765;45967.47667509112;43588.89784922596;44847.07931660863;47432.66449205833;45575.3801431306;44706.52639329956;44491.364426520486;46339.941907579436;47204.70672415204;47628.11979312453;44267.411638929014;47237.690753260526;45258.332956693965;46223.674512690784;45988.29284327002;47640.53818669747;46735.42494584686;46297.84977236097;45380.001729304386;47834.157782257724;45669.34425398194;44969.006968570066;48089.814460924215;46756.70527631962;47227.99854337544;45034.27316859586;46139.70511747508;46009.066115160436;45224.57636410296;45704.06101042908;46553.401377959;46878.97822472094;44380.910448894196;46240.30314867935;46805.85624601277;46361.845233988635;45596.161146049366;46213.41140512562;45512.17776312832;45866.33835387403;46375.35329300362;46413.53059854426;47491.494073137736;46252.957907801145;47072.50542884856;47946.11452429283;46112.842630550374;45244.49809289837;45583.348543571716;48304.49849971863;45273.039353697575;46781.26847864773;45760.237900817454;45914.03663908387;45216.038705269675;45770.818179131136;46413.580683124834;44422.39450173794;46550.46502616123;46415.99401409639;46855.67565503099;44632.28339045637;46822.46311520501;48188.00532667187;46159.58270712292;43450.161755043184;46064.32577112842;46345.279935648425;46591.58769812356;46096.71588225453;46931.941894657764;48998.67290997015;45994.94254616711;46268.936992830175;46990.649144233095;46440.18022987933;46558.920396171394;45276.18421848196;45524.2374668129;45732.133717506535;46433.51355502827;46237.21566602134;45636.20978641834;46855.16925712288;48078.32779434178;46794.885500148;47700.04035655982;46128.563113058066;46327.4447887001;45777.305883628476;45264.63973702183;47901.03067695675;48002.479774847314;47995.61862120369;46200.30565617747;45821.85259068915;46023.4385594668;47185.69540722344;46940.44533637327;45781.874674274295;46615.096929626765;47367.92647837282;45979.13831592914;47335.595509540595;44871.42758593814;45425.5443324907;46052.686848347774;46618.523852215236;46415.836134393416;48296.95602051007;45596.153453768886;47051.183651863;44365.1318334213;47323.9568575335;47714.973124815995;48246.382198017265;45974.12736533428;44736.942237298215;46403.049998724775;46315.36720259618;44960.9324435302;44076.11288133434;46664.014058926834;45471.57030475468;45557.42641674977;46044.22574568795;45182.501707401396;46715.73522078861;47632.20009928961;45514.709399514;45989.22278126868;45908.046306007;45744.994031778464;45835.39805576581;46148.81407262497;47625.30015656508;47003.40515450855;45562.31562519142;46398.3825616371;45949.961371158184;46582.741693960736;46023.812853809635;46483.48220161382;46022.85071534333;48306.82558226338;46363.53135284917;47742.73312286532;46282.68544900007;45856.96525448372;45748.81390846418;48164.451893088524;48418.99001246585;46045.95068882196;46379.92184325893;46388.560456726096;47013.73791929663;46594.21484831521;44237.17214624342;45809.718982510254;47462.20599157012;46034.60315785753;46867.25085992462;46073.93595360729;44735.42161516411;46188.99929065484;45271.232846239924;45802.88852766304;46855.23292653277;45352.018344062766;44653.557561869435;43958.79717881462;46958.1067028549;46865.26629257177;46168.94207337318;46492.64101820797;45938.898328423835;46543.12849435554;43323.984031741806;47165.19186449744;45549.46297221402;46749.841665293876;44971.53444331914;46732.77468638533;45200.83049721354;48780.8919714101;46056.81246959104;44484.388322528845;45574.672612695744;45445.230146847556;46298.339961792946;45118.371259767686;46921.14036013493;44910.24392910458;46512.477853857716;45513.7420304124;46238.571530172274;46873.687525743226;44389.39989349667;45985.42094361644;45002.50747357914;44916.148653215576;45339.14246045807;45688.682422136415;47895.70737262866;44645.31333018934;47723.025513430686;47048.71567099543;48502.81266060323;46027.27474920219;47801.50022152736;44448.51872448377;46513.61873069202;46847.38334313287;46521.095215622234;47480.443222485126;45761.299106005965;46338.930154721456;47349.7324474585;44772.04801549539;45535.413407370186;45744.670305685286;45406.91040823447;44054.139024181466;46148.51549351346;44525.79058722262;46605.41804528057;44931.6645468293;46123.109306698396;47035.642913882286;46772.5864207983;45585.185161222165;43865.1160604229;46842.0667989833;46810.861531525145;47771.69563178119;45639.61641320262;47307.98954414943;44344.420219186504;46965.42827165413;46490.63915744817;47495.12575171081;46556.72079763981;45791.73023887582;45377.38831435869;46439.40172241155;46110.82855284314;46929.918030964414;45828.40348182232;47201.44646189426;46464.97798679155;45522.880127905155;46669.16041908762;45743.231800719215;45770.175924151765;47289.93316973175;46985.383012870516;46067.48327732943;44714.078306398565;46487.101864250086;47572.85608033752;45056.75650078591;47529.27522070917;46241.99340820941;46310.1952474912;46276.14961727464;47347.1341719762;45952.21129187682;45556.890157151865;46138.84540684995;46316.10017411732;46267.87063036404;46653.35662559206;46072.85187960307;46994.01688810245;44513.46240688151;45828.764127696784;45455.39142456977;46934.29161422613;45794.66362884937;45063.68388219035;46973.95888537863;47597.48132395283;46295.413502649935;47089.67900525566;46758.88304110178;45999.39749775212;44541.87059548434;47596.06973264009;46725.45980802232;46356.204992010615;46375.754860063826;46172.68649839429;45733.393579074815;46792.162969313045;45778.57364062259;45625.31622165467;45018.905500990506;47315.61633533077;46766.57911084979;44897.413496432266;46432.163084526466;47009.24306624968;45828.761370068976;46331.10283445523;45252.105013595414;46155.8535823337;44882.792103171036;46198.37432226478;46282.190637481726;45798.03251816257;45833.12764656686;47956.791142727474;46132.862269815145;46733.4282109396;46612.03841309675;46553.50799708613;45306.35097547847;45822.02622704912;46961.093244068;47774.689454065236;46832.032355806135;47233.08121259048;46223.83072429037;44124.762520393946;45543.731282303495;45362.40801113084;46223.70841515949;46279.78859808619;47172.14724752782;48098.9408886733;45759.00892942501;44865.46485817875;46965.58737686648;44687.78508868142;45153.073758465245;47488.12819214506;46201.57168724345;46797.96204931398;45968.40181728444;45631.64284124512;46755.97310596705;45517.89791109672;47417.758995379765;46394.05942843756;44019.897106378616;44399.146292102996;46966.88494807659;47351.18964593088;45991.26914620066;46947.166979326525;46601.403711914354;46150.12675116168;46320.74112437884;44855.096075857306;46203.16529150655;46169.79633755569;43464.583369260574;44870.49838723728;46103.315183913386;47151.0517500259;46268.71674726335;47908.04290513661;44671.856023700544;45555.42769423199;45829.51758190607;44784.3144265063;46630.91646715341;46582.96848217053;44908.37110036016;45717.409181543684;44815.983172950895;45222.92415570536;45023.824480193565;46819.647206861584;46731.65462080877;45819.087995069785;45612.0938070834;46277.03502254353;46306.37951350184;47883.95478739217;45645.91404858833;47944.15870295541;46672.808168253876;46182.48496204648;45886.54509991445;46683.536133336114;46900.493588933445;45638.20410100539;47813.29061544538;46436.182422353115;47107.311918861174;47878.082745295935;45380.35453794788;45817.230472193965;46018.82151675868;46344.91655876844;46880.809061276486;45386.33978883988;46282.14949007638;47278.3696908493;47059.781355064006;44928.39532715577;47838.84187937817;46766.957996426936;45243.001735626414;45566.517960952464;47185.27300379876;45750.6482917379;47322.05252632509;46373.429059437556;43084.65758073989;44806.62375082581;47415.959731333154;48100.447229719095;47003.59485742215;47942.70264322046;43903.8784872558;45170.09500105589;45511.86261596951;47115.08203896794;46574.3559192461;47768.759862536;46871.72093500504;45953.89975203677;46050.36432971929;46385.226234485446;43874.4486393754;44574.44454088983;45751.52806341284;47478.678685973515;45727.20386160378;46835.336025084944;46400.033420756816;45678.67063570439;46780.7666596402;44926.697164736484;43819.221107395104;45011.29762393897;47026.31114801284;45418.783381251415;44185.63630683166;46112.55680226704;45885.79807410722;46149.46096802705;46560.33109656894;46631.195346473934;45859.69283411071;45935.0872235938;46682.70989324635;46174.407402128265;46884.74180359572;47439.93902870005;46953.22233151912;45743.02901157706;47878.442539123185;45330.19888299921;45597.80761778292;47301.10540460191;46589.986525287364;45459.44098398191;47925.093299942215;45338.392882589746;45310.85017465803;46696.15476014686;46425.05881521624;45083.39268998988;46109.94529307083;46249.15512303133;45260.68922101051;45808.23678167102;48035.63698229745;48070.750918947626;46376.4326585556;47675.88492358546;45638.432711985995;48062.28504902337;46345.25942562401;45600.458958818934;46375.091843473914;45635.19170949541;47392.84428123222;49277.47718979262;47322.909093369504;48778.75340820847;44125.23477660948;47320.812183118476;44992.916956617715;46298.743377787774;44833.39710264087;46683.61041043845;46547.080955431935;45522.35136867708;47607.843179216485;46195.7250511278;47391.223474675964;44796.99454494497;45797.18109546043;40.0;24287.067645971343;24613.22833292812;25700.451037380317;20719.9852571707;22127.46471379853;16955.427586996804;16648.511197928376;24213.243808940082;31558.26939323496;16658.67887561261;20164.808312143483;23950.88273214874;22875.39661293771;22509.5790574364;30550.169420403847;25708.540357219463;20892.295310270594;25258.550487346176;20668.72771490975;23389.5638488073;27241.266041648847;22007.19497662791;21168.16912907501;23766.973151472066;15736.358546105896;24061.494116675367;25949.838943945;25282.48800200072;21762.95336979906;21983.213461124527;25264.925422961445;17275.964265544626;21270.20346665385;24407.265257667383;21444.29322740912;28638.204741672685;24107.9281202612;26692.25328183479;16170.718028188865;19920.505348333514;23770.360939469723;23183.972399688955;24397.070467541005;21130.30899030412;21251.95388514837;28296.661057309408;20911.137161146253;22984.474762745318;24983.736486930124;26243.741368544048;22008.628677485744;23984.850304488544;25025.68649183833;27770.898309572818;23734.374947625103;21178.256334620946;17641.836505323874;21262.80805913593;23595.98089343962;23310.611651710995;19941.454686240224;23289.94798470669;23137.71703423008;23723.749727512964;21741.512816094684;26752.21557004685;22655.343634467954;20566.27992412492;27457.632088450093;24854.196660647867;26755.28901891368;25345.398933972145;23468.426402294794;18018.96115440962;27625.581295219683;22703.893227964283;20809.732052709267;22900.632773459136;24340.587955876348;26554.90070064228;24773.452850506426;22685.98982229908;16520.39756101009;23617.4709710828;25708.5935362214;24900.71045887649;24738.814106960126;29534.95153041478;24696.194992136137;16463.087889527647;25592.623494724907;21358.584857919268;24189.474587446275;25625.379101181847;29313.935258339883;23922.547692436;22821.575441927987;25224.6813375633;24353.07908881176;22845.491591922648;25785.25310450544;21960.236617056078;22317.50427096392;23687.865601760164;21991.96023246513;20772.583063553422;22397.451004320712;21078.658141553908;24911.595888757616;23188.135606123993;20729.755213953293;16343.715615706446;23029.102817554383;27254.99739766172;20269.573541223705;24612.255902921388;32948.164635350164;25744.6970331908;22611.09119386126;23975.65341196785;24919.834060277157;23861.764352174694;27914.683943278047;26330.20549666211;26692.59129682873;24553.83659703161;29384.715815826836;22797.00720471735;21771.50984416161;22510.281525181745;17839.196130204233;26665.116522833032;20809.8287488244;22234.331549402123;20393.364659390794;26993.49158587313;24957.42307538672;22639.13154556354;20455.695569525;22568.916465454946;24389.029169539008;23104.40481993874;21073.590694496605;26783.43766121513;25720.8267437612;25171.643775143253;26452.80919019378;23744.023648520102;25892.825358116977;24569.663510790662;23459.145189244042;23018.63836680851;21461.07237787441;24869.616449043344;27091.39663059405;25376.8152613488;22361.40157241289;23459.596463537047;19205.91236430491;28871.39569529244;21839.00003301541;26137.320618804544;24794.88094576752;20246.78043766673;24174.028799695683;24833.439995977682;17387.00980605475;27957.09036683065;22701.84079413234;22696.495108005416;21372.336597931007;20514.547299293303;22355.18449933324;23454.129056534515;19590.29144806079;21121.23217138369;24697.32329553026;25577.19382548983;26842.621823528898;23231.57490475953;20467.56451582936;21181.889331385908;26207.78739136917;20990.674751263832;22670.091633377404;25243.42613100425;23180.74196677376;25122.14679205892;16978.331926116265;21335.540425466643;28581.540654146964;19530.641488508318;30514.02493700373;23778.028315779393;27213.060673768105;24656.3256539412;15526.041494236491;30763.015567622384;25388.626477735605;23450.0028751895;17150.49493763681;21576.609469986368;24801.345625697973;24275.091829943085;24792.625588486866;25364.774826119112;22173.3265143486;19008.734016815626;24853.249348538044;26323.160171813794;24060.758416817796;31172.088842047997;24069.53720367401;25948.83130659587;20797.52756768004;22964.16387271333;19385.93898045729;26069.61061848122;22521.376783113643;28742.07923453287;21814.68170299445;21354.380695576492;28239.760319839486;18369.188595768377;23962.489495204867;21674.463555163;31161.27913225953;24577.648494969835;26094.613211680076;23774.97365987181;22407.844412638857;22723.717240554102;21226.351355171886;23082.594698773417;24572.82853045851;23854.70121891894;23807.27390030636;21131.75806513469;22464.445891584;17266.512830945518;32329.668946226582;17997.26761187197;21138.105858880877;20459.900486961265;29606.668229314662;22314.258543279302;22341.231651728765;29058.1436834646;20114.5459121112;23400.794233420438;18763.535324626468;23038.890705495716;21006.609425380848;17011.846930952626;21858.783094083192;21831.22286850358;21177.555292940382;22229.82774296916;21689.502131938803;18813.248368181616;25333.054490180082;21623.326671743125;25775.292848929512;23179.16970387404;25836.309367688296;22098.193541585468;25688.585143970362;22168.82391271833;24116.35732751316;20841.53999833664;26404.368257877275;16676.51667149512;24856.86867983545;20554.421405683526;26008.84789011496;23330.91184549546;22272.432912200587;20218.276682587293;24828.395168228468;23713.377484481905;26836.857566322167;24908.583552762204;25608.49879572996;21738.007759920558;22060.844550944068;22260.962348666566;23648.713113613398;22930.387943342328;23764.56498234078;16748.244876834066;22774.80509216497;24359.489850459053;24758.01318117392;21270.47096133339;22780.23858107428;21401.44537708989;30408.654161208837;25027.15291628212;27039.330939347827;25129.07741618337;27269.7521336458;19554.762648954384;23297.0299394225;25339.68582196464;25012.131357122016;22645.131563947616;26597.483083145424;27383.535830422028;28230.467042911558;26220.870303853106;27381.196507742432;23380.635417821544;23024.38838117108;29820.038079152066;22640.70744220521;24037.58447201269;26321.02869528608;29843.973321793084;16250.892719622925;25695.515467071138;22400.74649868422;21135.197436116883;22400.50173410229;26456.80890389793;17792.5869952108;27408.59163597732;21103.80445670215;26147.266847638242;28468.99602788313;18375.53593630472;19244.006949513445;19993.39805025101;20056.03650822028;27375.840388115044;29571.36301128533;20819.87919693295;26991.19708170969;19699.56574109254;23504.33666192662;25530.76481754765;20827.19626372581;17096.06231691429;24300.74981440232;19421.01948268045;28551.528760991187;21572.139350203346;18719.37014443508;19126.8220118499;27948.88232800231;22114.69350782323;19767.87484358215;24883.48252354012;23908.402862730592;24145.71615561746;25699.747795922518;28303.757568882036;24668.555037578066;23085.583662839228;20837.57824552799;19467.37089981691;18602.41876408732;23208.60088036227;20843.59228489788;20254.25241247096;20671.239714045758;28187.168900203287;20758.072237944187;29589.753992704667;23165.030958818905;24596.626883071265;20967.893050863302;22140.964620385294;27232.37201663661;28988.078743896767;21934.2583797806;24032.46873349459;20432.80923308984;26506.028781300967;21885.051820478988;21278.820678143842;28780.513142015338;27836.935108390226;27982.124802591024;26991.41765905418;23726.487997940538;28509.70593036168;29630.820540654902;20822.33656655877;22050.135162338862;26457.092087753124;24131.768424047244;26572.892275608086;20699.73927745981;20078.63572713564;23407.620954580463;26362.07013762841;24336.9187805776;22858.88767248205;21365.657333180232;19638.901354866553;29727.35345121832;29291.235032400724;19011.048573871583;30124.522100767543;21344.096573744704;24915.440375249986;23176.683479984677;26487.618268733786;27055.337376132982;22320.62442822336;19459.822883884128;18796.136013264048;21766.107162410903;30351.405007986312;28303.053871271008;22315.64985226001;26173.63208794032;23010.732289386127;25707.79833212828;24439.40753101125;23244.353861486143;27038.01076373397;25973.990527434467;20097.523784392426;24399.232334274493;25321.781551134718;25508.872332614294;22855.915382870742;23779.294188913587;24706.51261205184;32882.5655404814;21823.860174231504;27339.255993249433;25407.159520132325;18193.480143141776;24996.52684759908;18808.26083956021;27976.463533660084;23901.464702709243;22462.48316789888;25018.970146095;24096.10964123508;23539.44950526718;23708.546611350805;24728.62857864473;19288.822215225744;28219.714610334282;21311.243841057043;19069.89414272312;23191.583494994084;29470.29167599648;27315.84129011212;23680.954670785297;20820.27468202916;25530.599357534855;22720.90181164853;29245.527706930225;24199.939237805254;27920.7347911672;21143.184218614286;26805.517059722028;24488.30981234397;27914.7216404644;20833.59869322934;26444.4468697802;20979.70657124123;21600.17701382513;23533.92412368938;23750.889526028546;17052.628861257468;26412.39765178572;21185.92135800441;27971.125545932748;22389.47688571236;21703.626217300585;22894.125993050708;18754.20143591563;24973.69613145313;22374.43663393912;22318.90220510589;23062.5046873108;28443.01227410604;26559.887716514902;18951.87649668623;21712.501304518373;24587.04566289289;26087.584792180536;23297.382937818074;24043.800461574858;27055.48559881393;24833.550789720142;24141.32813168052;18013.72943391518;27545.324769083745;24838.195897566766;21509.00730700001;16143.521032179773;26604.21061502817;25134.393548373537;28147.47490492592;30;22787.33672477748;22380.07985690252;22981.47570130917;22725.23312694901;25471.623620446142;18312.301631385548;24331.712955390445;26762.87231753024;24950.92326119602;20263.26966279201;23438.97470453581;23203.57570662136;25178.703796119833;24806.979015815094;21724.96340131814;18757.220461525907;24595.59160890624;27190.026244803907;22974.508070494903;22970.38621263916;22522.552839235643;26028.3630272604;24640.912756793263;26190.76762648419;27578.39260363108;20987.923749111284;24407.181552520517;25155.30327728996;23401.12079461532;24111.299672177796;25017.64826959944;23064.28577942585;21809.26606402999;20584.292095835124;22290.189620844598;23546.591826648008;21356.44067739576;19969.49712462844;29154.29861543766;25265.992545789624;21084.3879743658;21980.897883702826;21944.700521690767;21933.173631789068;24107.56361851414;24771.286478139176;24403.006108068017;25206.140280524058;22316.3924996736;23124.701640781703;23320.08636620878;24086.71503632917;27615.962030032828;19095.17293122203;23382.9827841383;26609.058902438017;24348.520369778664;26512.530095878457;23863.08683737857;20811.630090345992;27861.93759593828;24840.811352272016;22336.432895855243;22183.33013384901;26860.412490845498;23163.365041781217;24509.673138632577;26151.734057804264;21655.303259259097;25659.336190219576;24378.98498869085;23568.36658883006;23889.90446631021;22903.505119644287;25102.80590018986;25890.063108624545;22645.05915893809;25039.990000608803;21552.97197260119;24588.977372375477;25671.632977849;21169.732410730812;27175.118606490392;21278.97064383832;26844.33648254054;25151.32674382442;20167.719038720734;23074.07237352728;23142.06240926805;26574.550736568788;24417.52785874105;24158.754168855005;20705.49910821524;22578.17804675435;27039.245918049302;27339.25636995188;22638.911482092528;29616.85874764523;24870.171387650094;21086.800966237064;26618.510318030498;23522.714966075302;18820.41868842717;19785.203623335492;23313.93441050269;20271.454040201344;22410.806953147563;25165.24885246436;27144.95918948322;21710.70625293471;24770.504006096842;21408.92193915687;27939.5395678484;19299.948220613107;19632.86466226037;24548.60747710373;22625.13054218549;23499.32400755425;23143.212124814512;22916.721586763986;24683.81959400714;21950.545389567138;26375.359192964694;25068.536163351182;25305.087573898272;19585.04445717355;24091.65294747911;21250.07143788966;19735.12752336353;23406.60169765381;26067.004088507914;27807.8090863346;21568.60016892953;23271.33237258211;24618.87024042735;29053.58977784122;24179.40997831937;21713.100341615856;26460.85366021853;26455.40986981833;24986.2099844668;24378.21349209636;18827.517868874434;24731.003819794765;25902.817972857272;24559.03693478748;20829.07385367251;26350.5790982899;27555.51650277269;23119.00393842325;21144.641077093558;24516.555507174042;24144.014525702245;26184.172491627796;27459.90365659074;18212.03060143281;21368.0936864253;21933.79441974008;22621.703781030497;26492.177781081293;27797.816145729023;20661.095489101146;24355.71546470981;24872.36225190463;22854.618144302607;22637.660995359303;23236.986867886757;26002.767358925517;25576.959826536866;21980.3466035381;22325.184512609063;21682.628091090868;24932.914734616792;25739.96386955376;23392.504922256325;21029.08116236653;24227.354638293575;18808.91029358044;29124.11440903437;24755.848364419213;21891.836771239192;25800.244654785787;23020.018020085223;24693.902505120655;25274.414649054048;25108.630501321688;21834.43730319756;29120.91687028457;23241.759505033067;20675.270842884085;19769.516494016643;23684.3551187692;22726.195979521777;20796.0037414506;16377.982407526968;26117.21311164081;20726.68229781396;21393.502234466112;26099.761067220254;23581.483183339828;27072.5299646583;25853.030611255395;21484.379686380395;22128.961485236934;23962.62635258813;23441.942836757167;23190.130543562387;21298.489361507705;24349.27136388248;21217.632721881302;26262.93917038561;24443.025330743185;25867.249086964828;24296.456582338644;20865.44904193798;27584.187837213856;25725.769985243893;20256.638188645367;27546.649624694302;19835.09409404401;24118.911679712597;27450.9643433821;26606.48447650123;20303.776460862;22163.33342037698;22241.882520625586;22348.83382682994;24326.138773200968;24159.222368810602;25246.23974758309;23670.46291797249;22860.059586928746;25665.105557537987;23644.340646579723;22389.85857622527;27011.217709369008;19919.82317836826;28014.72561571669;19490.3550960674;24684.640173116713;29800.35160678016;18641.608304621168;23606.57565895674;26050.597490279648;19334.817359574496;25239.981255389986;23497.10103891354;18808.17615390603;21687.797698214858;23628.22372335516;25490.707554688222;22802.434055518184;22690.298355578965;25590.963194494638;25310.593375887158;22957.112682949937;23869.44075878732;24588.451311833105;19870.28524472388;24133.94760169323;22124.508955822643;22078.369768200966;23225.722236195;25237.093153014946;25175.85562551968;18071.475966526712;24269.10533079217;24466.04953382766;18909.874300523683;23344.931789032733;21947.800736281624;26877.987043580728;21225.34841056176;24043.12559668196;24981.589142914032;18512.51921475502;24149.604221640322;19858.43127886988;20999.848370370903;23305.021397555567;21392.69655612664;21870.239205909107;22477.48803982249;22039.292662599848;21153.023694378924;25848.97825890529;23840.720066576494;24401.877743034067;25785.419954500958;24310.669126644967;22613.859900226977;26250.2944278198;24562.498351203456;20735.60603349421;24276.958788830318;23054.874183316402;24605.773256647608;20381.75253298816;22182.72138828289;20609.005946820133;24565.486567019765;24650.034642335268;22520.76852540998;23703.521399977435;25220.253403932216;24528.495658571635;24598.648837485165;22337.719174807004;20757.85633733509;23531.142212036328;19701.891433118828;24776.443345725107;25758.91207015833;20460.84804673968;23171.4677961333;21077.519017230094;23836.253853193964;22903.513209261728;20747.359262289923;21324.675870366933;24757.19997384233;24245.79280527441;22316.905819767177;24591.55297911744;26925.862949307422;19751.670363157704;24439.330769365162;21978.031549849416;26480.356168388;25961.22570412541;21942.46719180959;21336.0047592536;23897.568174435517;18272.61708387936;25966.105452810807;22500.104575666825;24446.959839942614;19551.2139762292;20995.43833514288;24021.250076527416;23214.49158247221;21271.5481933444;26036.313262165873;22417.737192452998;21197.102198589608;25392.339620856103;22776.73488910395;22672.09882362313;20273.83632034142;23611.69727380695;23593.37551027213;26251.17609661317;21567.897494059085;22841.652043980033;27210.31089580349;18432.62527981304;24414.655930802783;22362.344234871263;24727.87275942104;24838.90903896863;27034.457574659482;23920.368395984926;19714.595809124738;22763.23635886478;21686.571339733066;22973.60237269749;21410.313767708998;26181.13350933477;24026.671613217884;21297.631995055293;17009.428610436626;19099.28629516026;22725.036433579746;21702.72756908978;19483.313653486322;23406.89898515447;26715.9242932173;24563.897703009658;20823.399885850966;22739.03960887355;24181.66117613199;28447.512596156917;23839.64901648012;24841.047247894698;24334.235539003188;22779.78820984888;25519.699822398597;23279.235620240877;26800.854555588165;22690.427625207798;24434.729587766295;29055.339438445968;22103.007712587445;22347.223834653058;26336.75986839482;22476.12506309833;26615.33949838508;24482.07428662895;24494.704003210936;28267.624166347247;22546.39605813795;24737.402501128214;21619.60740130292;23719.967976772987;23196.060102906406;26683.49770435517;19822.842318683026;21211.70757765565;20838.81009072322;24799.86968428898;18955.168435160107;23201.817549978983;22910.301534335802;22364.920973526845;22473.312056204144;23299.016616779438;21131.946182612664;21708.765345929474;24969.239128522822;27259.630174646176;22937.498747274;28320.045077411778;26532.906469192643;23310.487795424946;25926.943354281968;22373.57460549562;22920.045150924125;22915.06906145916;24737.209701569333;21342.825513974632;26031.89760942451;22857.024354765283;25076.437759323242;22370.25414654456;21367.02023351;25657.952266727967;24540.50283312196;23405.740304392544;23505.495925948257;23139.885893400668;23407.09613274709;25120.570384859893;26231.655287971684;25084.113423043244;24136.492730866714;23396.680893872865;23990.857864956626;22390.846621257144;23315.10443680601;24588.697826898257;26146.298108150568;24297.680502821342;21129.351382934317;25695.00542268032;24859.884581406626;20037.58914364261;22351.648379416387;25959.43750294482;24729.734466378304;25252.75146151224;23709.19381001312;25513.92871999687;19279.658554227506;22358.963207048022;24999.384971284933;21581.87127475797;29058.52483898977;24563.23471501375;26181.93116111891;22072.281714928413;26030.48162943501;21814.52498341621;19165.395654843487;21911.343327410017;21546.95476215592;26367.832828630235;26068.99599443953;22348.65768414233;23634.519558758846;21644.645525383003;31491.774254113785;24960.69901020273;21075.745707109043;26464.719653762368;18876.062963552125;26246.563023526967;22132.349898746368;22364.2619974537;17636.50389223991;24185.16037949845;24009.458812963043;25435.253863504102;21967.43181690855;19455.285372438368;20747.2136482272;23786.663477132177;24432.003283541544;23520.3149117116;17138.03474443023;29378.854972810663;30;43285.493702771535;41677.328066155686;54488.236902125616;37046.485996259646;39949.23228609833;41768.50134754027;38389.41096799616;41849.43464550877;45682.261753538514;44250.2552925658;38378.68725150761;35091.36247268902;47518.92604833352;30251.931373852018;46765.575772347685;48911.264060363166;32029.082546609923;51086.08245915536;45950.22601939762;47627.618814560374;43548.969466528484;49979.320457279835;44375.2130100704;44014.186642591885;39341.605352689134;37081.04716243639;48829.832609750185;39885.88596913168;38765.078323889524;49047.40920035206;43034.34420193542;42387.28406616347;43973.57887348159;45425.4087751605;47942.89068995716;45074.575476943835;44381.73992934086;43880.18450145111;37979.49052388367;37455.92898092791;43978.50437810437;44019.04527884461;53828.61926832824;35241.756062412365;38009.51837999897;34617.32431526086;39923.665527658224;52828.28888294964;46980.396242609066;43613.554749760806;50770.38038851872;46134.97133337113;50063.19935098957;43273.288568052536;39690.01737654534;51311.92305954409;36047.68386292884;52460.869836067;47426.927331527775;45913.92102526645;39950.53962684296;42839.610633778786;42254.19865966249;39651.43416812906;43520.931730271135;44481.39558290095;39951.81632896787;43959.004666108085;41363.82340141429;38834.51119864265;47042.80966489558;43593.41872901142;34422.11485007455;35999.840639592796;37257.1488309764;47676.17036012387;37236.78553946666;34751.44902738774;49282.713072674196;37510.81219369772;47538.42070427544;41002.15598445442;42934.455238986695;43116.04861326728;45021.03169603515;42553.47801855458;45228.764350415586;53343.7453967599;42324.53713499348;30866.67047407802;54811.9443017971;50097.08027760292;39439.27406451307;48980.741950497555;43065.24610346967;36177.74509789448;39531.03924282399;35706.15138438874;52238.85585177131;45151.58613038385;41602.517932821414;53266.09701084247;38613.50390083088;38758.092051652566;42756.07618293857;41949.012805237886;48991.32422150996;30966.684843312945;46690.466038467785;39041.21490520955;39547.63718063125;45442.568322847736;41124.68556136653;54976.962652954964;46420.844232005285;47227.51727190249;44119.98144917091;49155.01754962013;43250.402548753045;39208.64174167895;34831.874734424615;31931.55472496616;38332.05688877998;45678.7353812335;52373.649544470485;52607.39046435688;51857.18979352184;35703.337165851684;47178.52359737712;47958.32780141904;35874.980127604686;41218.85316585852;40327.559408614085;39922.27526339168;47080.68897829818;38376.803228851335;51071.599626178206;40927.10683380377;38793.702650516185;41600.32322241133;41565.990628148254;41127.214325427965;48391.16487681587;43254.51948395562;53344.336032613086;39221.064418837545;45358.9334967249;40907.58329786975;51323.09921532781;40639.665222295735;47162.78527026697;47440.47795473496;34828.86125311168;42033.05715068015;47304.19207512843;44289.92634105264;35958.480766306515;38590.58304164687;45386.50905590418;42409.00839157066;47377.73377589072;44882.97793991961;47587.145938859314;47757.35933085632;46615.78124430256;56659.13406534815;39585.127505019016;52534.18646840843;45418.848601215504;41545.53502603458;39982.95165481536;40391.09735489149;44913.37364444732;45362.59762677165;48054.018315032416;42425.55322118303;56508.44657762699;51901.351855873254;46928.507940534764;40952.820877002254;46602.730999698564;48046.88541733565;39416.841569435426;55565.3957666437;42161.13722264933;40282.0776752632;44157.37340827512;36533.144218804126;42973.5862475254;41926.90294819189;44634.77432656079;43342.198071184575;41527.395829577166;49382.92409294579;44111.71947103654;48731.339442868935;39755.37548498305;37721.45775635574;34857.66140865025;38884.62389790923;41589.50673969953;42320.96602712018;44891.63008795613;42739.35338872041;44170.7469941028;44455.966176808826;51056.516986485534;50308.89689909898;43932.549962428246;42392.88249418284;37507.589352038034;51295.47228448;38356.53733310618;43232.64610363873;48852.324995246905;48958.5787081737;34978.16157381125;50188.427051358514;46481.074915040605;40931.81661736338;35446.975023284715;49937.58846360629;35719.46827068025;34943.91228526525;45045.210324174004;50572.16078183358;43502.131141810336;40922.261270493625;45344.940081645116;37612.38131673362;36963.79166694893;34792.74286132076;49495.09826750944;39267.823452981465;45927.68275046248;42733.40127095252;44948.89453665742;42371.205601745896;38977.53231457062;39629.55677095641;48223.215246332766;40144.575586272316;49744.76528582828;43274.717210714516;30122.025490491338;35385.08551774456;35761.330661785585;46352.777508315026;40944.27841087319;35050.33029029701;42446.193491079815;44808.59208619154;32180.49811039225;36226.71220529857;52632.07432448173;38488.15849468013;48138.11975902941;47770.97205813307;37088.825790300354;44722.935707852346;39540.865890328736;56283.23260462004;47288.80145307269;45600.67723271148;43302.441857886806;44425.31340161883;48455.31490478216;46164.67997931466;52793.37598939787;42334.90742441933;39016.747644436575;40149.02643990887;44111.47432700113;39103.991315658095;46067.62431876816;37444.20992683881;48420.49642976163;53808.705951355056;35423.94746684161;50815.70606576266;43066.291370114675;44149.53850786943;43080.19513412849;43280.39021827091;45628.782504139286;32635.845746735453;43985.48418774951;41308.85487194187;33077.08649542164;51687.96557238221;50528.10348573575;39942.14708950538;45516.1831241257;43436.97226345177;44362.369999920506;41938.025097750455;48892.386603156345;45954.12657014966;41369.82553618362;48373.93307034399;52845.40447393519;37247.333934499904;46962.8611421633;53507.48135024053;39719.8063007955;38146.750734153895;40585.21591280477;35774.823369174526;48263.938152045965;50350.49308054887;36472.88370060936;46620.966598308936;52781.083606822685;49915.6865173829;45570.079882020174;41560.71597588281;40876.08845839692;45809.709881555595;43289.06096840725;33051.50026549515;34519.87363459837;29973.896264449948;43813.88880568715;45086.57665509204;43166.814922322126;44616.385062535264;53491.76094263119;41799.6163263084;35848.30453970338;39341.42922866143;49150.45129432865;53504.20782823066;47351.533306115205;56174.492026620566;45330.934157975214;43067.90630378797;37013.231507967546;37161.03644881772;52843.67401874835;38651.50198360147;43784.466959407466;42651.26395244214;44466.978656712;46641.89586645534;41800.31663403385;43746.59077186002;39931.24907904952;48111.81678778409;45613.805974179806;44775.71381339249;41990.84548930205;45348.08455028826;46085.203184394246;36776.195449348386;57606.79375116045;42023.21132581352;45606.90305114626;46282.75459539298;43215.0151301042;39772.82509364275;48059.41115089665;44420.99188577301;44735.82847661831;57249.54883033206;56254.42654901637;42444.84671304729;37608.57160749027;43885.15324141772;38979.127676902215;39858.305001875364;41438.65920270024;46203.86040306165;47589.934167939355;48263.444641494134;52891.817293910724;42655.55515331869;40958.25919109996;51255.81730032924;36965.86558507986;50696.78396234102;53720.845643831024;42642.922145640296;43329.870083691814;42526.92247750422;39649.80412942232;45963.43779541769;53279.70055679307;49330.72220248776;46781.43356281643;39038.93558842491;47571.51448537755;44131.56381136369;36364.11457457607;38647.72165492044;44318.38946600017;46945.87456925532;54583.64705189641;39626.33685070575;37151.064444300515;40508.846158379485;47044.266151557116;37125.853156670906;43738.070446314974;49306.925334532774;43510.58818934611;51108.52198661597;31384.394554826205;40782.63636813196;44312.52775812071;40838.89604492056;45371.573545228806;42849.475053713664;44632.3179591821;37997.98735096145;43044.553485433884;49993.04704107964;45329.19515566754;44149.04047282292;46342.07500626053;37291.99844902354;45016.788332311786;45291.991311332335;42856.4249406615;41010.24377304292;48259.55633986625;38574.48600278717;36701.652785572995;39548.164314525464;44427.43264889441;37755.31653708995;44815.990517731065;40208.9803034485;44927.67439075896;51411.914165056456;51414.004889938304;47789.65720256009;39180.16562714781;48014.474990564806;56220.16867748409;51762.89182330039;36175.36490586374;52572.15833418624;40187.8180022053;47056.19108248347;38746.49701230542;54715.01075746678;48171.37515512841;40617.66618642255;44036.067943083515;37911.18767574357;46466.911093017385;40781.30544129243;52705.854992518405;42667.691975333226;50428.66857688167;38399.42873877046;48513.272469591524;40886.18881378101;42797.62036426021;43733.4653918956;49123.140942954364;46782.489197341085;43921.27287105777;45125.20570915258;51855.60184129032;34787.309152134694;43764.90766560742;40137.23495785025;41638.754044491936;40773.11017831399;36385.21479072111;39662.958863258136;48599.52245421663;36642.410182096864;42767.28577801332;50494.85732028906;39384.477595984215;52995.64949643971;39860.33933901652;40463.87491291052;40499.13483510415;51524.915248141435;46474.58292090018;37125.94071275232;39165.103878066766;47331.90811771888;44368.71317107207;45858.194108163065;39639.623381814;46781.66561473119;46807.609492792784;36472.77211078213;42575.22953768292;47824.52024083566;42288.06998324237;38250.9803127891;46516.87585165836;43007.82438590859;43529.48969817557;34551.71908202293;40.0;40942.87927617853;40432.572821332265;40621.24303244935;38184.05891073875;40145.0414745376;41094.08571493147;42899.949604288726;41697.38866219377;43708.41207418291;44487.22763695517;38588.186824249125;41284.32625124985;41545.624789937014;46146.650846546036;46677.904774316194;40680.63806838286;40756.05866355312;38152.1332139587;35917.20738835413;40455.197707849715;36907.54574601883;38335.82882021283;38067.488113550695;41838.41204312697;38067.94268359689;41292.49107328289;41772.844798209146;39555.99159785893;39504.52037174272;41483.74120328776;39075.98445278738;39403.66289539971;42893.19642112203;39946.841794164124;38667.03936572273;46805.611662182884;44336.09313574567;35823.49965786755;40552.66111507803;40155.97041048196;40356.00807210918;35162.33424589987;37509.21828589034;41379.03210273612;39248.38407389905;37763.224351508085;36682.6307406272;41897.90830448607;39869.23884424284;40363.4451813833;36485.092084355965;36308.13081717514;38060.557212064035;41298.299914804964;36416.69250049348;41243.72928788944;43850.195543511916;39473.73110254778;36575.256192453766;39974.808006227184;43852.55687439695;40611.304687004726;37741.712764799435;38883.28658372683;37449.009773879916;39741.70323067154;39142.796203076905;39470.17018635253;42509.09702529339;40276.977455511565;39744.68642894875;39588.034834275066;42972.80331100551;37868.54532242345;40012.95910291412;42330.351438813;43688.28765715098;37659.62497798855;40198.73365794532;38044.328933789446;40183.725673719084;38316.03113994509;37689.970758845135;41708.24671845712;35293.19403486326;37990.78494666025;42331.91964930015;37776.42845935804;38245.223460728834;41873.888387953564;39343.7875904715;41554.1594409659;38313.65021801014;36290.06157168424;39319.09114965417;38012.21131655503;39867.09596795207;36597.809527486126;40586.764755943186;41979.918422598465;38287.4264981945;39943.793029821965;39517.49148395375;38852.682506700905;38145.072725466365;41661.49420130809;41973.85103483213;37928.072978623255;40340.7597596161;38608.183391736064;36415.23709558142;39185.35338052419;43501.39330278946;39985.887414228535;36126.25443397402;42129.29663198038;39193.29947426582;39571.9967176917;39405.728290615036;38532.06858056431;35559.56716064928;42118.53753624216;43751.85062487457;37082.136340656514;40719.71796660944;37858.96582738897;41478.130286094085;40029.175466051536;39517.73490512733;40241.143984931936;36763.859702104986;37227.17633177282;41135.80503814367;41654.9734986949;43471.96605419907;41729.525085542045;38216.45412980393;39310.071486996734;41129.16610145275;43204.39287444073;37667.23985284665;38704.24258274648;39497.73191071197;41033.57579150227;42972.68831722908;42470.99796738563;35849.2004574215;38379.77242195064;38494.92594570652;39950.74042640688;42631.1204165276;37781.91076075043;41901.164493929726;42073.24841359124;42191.032869852555;41349.958328207664;42040.7408599806;38914.753873251546;36858.02285037973;41016.01453381426;39722.712320202074;39471.71800193764;40039.11602948386;36748.48121995051;41805.34362128213;39893.508960448016;38951.55207695455;39723.51214125819;35779.57700740096;39546.638310119786;37728.676683572136;40189.93128207285;41163.21986793684;41102.21957184527;40319.865251439114;39206.68766284188;41695.566975243135;38694.90640652176;40557.793138297435;44866.931767049144;37156.649182782814;37843.27918294088;41277.31441564192;40434.568891351235;39004.41337522869;39985.85790280497;39632.61099351266;40586.21664862014;40866.52067054958;40925.231634436816;41193.45301409121;45209.9678172962;42448.76410602393;43217.40623924175;41839.56107055732;39378.77528179412;39826.174219586464;39050.04824960663;41273.8238800947;42067.16620907659;38765.387105101385;39899.619623207785;36565.4970037312;41243.02376905482;38002.53890585915;41924.05704372312;36597.90040963819;37956.742270479284;41718.352461583694;38748.22053731435;40294.87615348576;42448.136113314984;34700.679860821365;39630.4413372359;42511.34547064997;39723.44425358763;39927.7617139873;34811.67652724245;39227.87357587811;41713.369827714014;37061.77487442101;41856.12730048708;40491.57347454274;41540.59028742362;40624.85713011399;37186.6887677144;39569.58458431982;41730.32730755907;40319.588464136985;39638.865280916434;36677.59085540733;40702.405854011966;37722.25305070411;41486.10562497814;44036.794556150686;40927.66911573054;44022.44362182311;40839.25872784832;36986.79438460552;40378.75508613032;40430.93625386072;39272.17325204548;41412.08702079582;37710.03802521979;38627.13558216159;41703.75211388288;41469.049135491616;39312.5744973634;37510.67038979178;39244.97945224516;40228.57420123504;41612.14484022976;38883.65940496292;38814.6049895659;38409.44387339346;39560.9869999942;40187.38853149605;38011.04281255644;41386.25336626967;44523.288913388584;37738.444228827415;40231.08526361405;38597.35343552212;40928.79171628345;41927.58927344901;40386.434287949465;42206.90496870243;40414.23490817629;37179.37785631228;36335.73002306259;38152.708133345914;40016.12033260058;41014.0558848015;40189.22486032629;37298.389586627316;40761.23920380456;38965.21919357804;41768.46605136922;40094.4363191076;43377.92490259504;36539.010817797156;39513.15257031308;40672.4345118096;42732.61214826054;39663.32031231105;41572.309337049104;41145.73606854683;44187.185990282225;43080.13473327862;38406.32230452617;39251.321891114014;42325.51550210196;40660.417377372316;43311.80720318368;40415.27058104334;38711.767961938924;39493.79222273478;37927.5860095279;35665.49613984207;39603.06058207224;39620.84164746488;40697.53583741287;37268.63713103689;40529.62966607677;41071.94670164632;41492.864702732186;43876.6875591378;41427.596964217366;39876.50883745225;39018.122199964455;38958.26759549741;38241.381053845755;39484.9700935724;39862.810820243285;38319.46725622675;41068.664927405465;38018.416194660094;41044.87011663783;39168.79405541693;35896.84430231087;42647.1948439702;38402.65695836378;38273.10886908971;38915.18042096979;41651.10782340421;36912.30363667483;40207.36584425805;40621.38641746636;40723.11622557811;39082.83200072714;39192.35890050168;40007.04275984461;39694.657116174596;37753.34060750833;36670.45604355739;39463.43323148567;42540.69007736223;38167.62536700587;39211.98561796518;37689.53761643069;40039.989015708015;39757.26507614216;35193.32409811504;40555.08601030478;40201.294762966136;39726.81575680207;39841.558122588016;39102.97636777594;43579.821988954754;41242.87859672008;39649.0630421527;40234.187481484056;36642.97681043686;43776.1900176008;40363.88147460014;43534.191094494534;37328.77600090453;44119.28853837932;39902.75926072585;40059.73024732299;41873.05437736831;41370.99969064342;43742.68599855619;36348.92081437529;38578.34373468498;40327.61202144832;36584.479495786945;38558.50637297692;40903.49792542358;39004.26107350122;39653.10129433906;41766.32005916207;42048.58335424298;38179.70259689993;39503.49141846791;42362.22267730182;42206.183597162286;37680.61160332209;36913.53735670451;39306.745913201376;38353.89652484215;41700.159419346106;39119.98143961732;41258.03405106734;39482.65177982056;38414.768688561686;37966.79458845785;39030.928139234646;35744.73334212003;41529.46832012089;41854.2164644857;39371.47617857965;42738.23172915657;43396.14042159617;44449.78030868074;38521.30216638375;38507.230376724416;39279.30354827817;40848.486149465476;38316.576968094436;40306.50929218097;43089.82680350329;39057.472783821366;41451.39067901966;39081.53657470232;36899.6609688964;40902.59835062845;41344.73574953759;38527.588451268595;41564.60873025459;35576.670119700466;36005.058182131914;42006.33908387084;37398.492270651564;36768.22324274465;39450.716480192015;43849.537301197015;40846.76134218725;40274.125187364196;39019.385386624104;38732.42949308944;41192.52721139573;42650.21667273663;41157.56141124676;38400.926662582766;42010.779257400514;42107.53096747015;38403.596679242815;43967.41283029679;42930.13215499433;38520.56523626376;44378.811379148254;39873.527176950265;39315.65962836615;41855.68142813015;44155.171226140614;34889.088910077146;35502.06113331984;38597.64135111045;39625.24296512624;41363.97434873472;40362.171150327114;43723.6143096266;37590.11249520478;42877.74315890293;39494.92989566158;38882.32237332414;36659.44745974863;41286.53868850831;40085.149269547335;41173.937815284684;36077.771143373764;42182.89487015609;43985.92547083853;39503.95311201112;38080.37071695396;42211.40657575437;37872.73316289958;41239.645084033575;37827.60802556177;38204.03617304052;41961.61298272804;44080.629319510284;39374.62579961168;39496.86859685437;37700.695121204415;37747.59673141461;38638.42312747522;42232.35688441712;37198.10648649903;37750.21875677583;39183.69123624279;37825.570484349766;40085.669906231364;44567.82371766919;38509.346644789126;40216.85996006798;39826.003353713386;36621.69566601436;36971.136167323886;40528.10482815147;38408.973089714396;39582.27904414662;37269.45546031688;37539.50861427116;38351.67852330883;40681.709339690715;35459.300603811265;39184.05096208906;41931.49048119372;41037.291582402984;40922.05928244513;43891.16059486223;43123.85203888424;38357.818503664064;38862.40001132106;37683.28962985693;37895.047488369455;40046.087614836855;40421.541513257405;40.0;42619.77635848848;40792.066508911324;35632.44493714864;40863.72346903667;44230.670881471946;40173.335930719426;36879.20637760157;42706.181796662364;44556.660677373875;47367.68604593875;40787.75319523706;41523.92632813621;42502.943800044755;42780.099779081895;44314.58191595819;45338.14691930264;37310.69344648671;42661.31549443198;38694.545172374725;38233.559259095324;38919.2716685215;41752.87272465604;42882.964828516575;45671.926829845164;40811.759578725134;37963.20140835001;38908.34509067582;43639.51419286757;35228.20483600056;48236.94533135406;46365.23058823167;49317.947334172044;45751.826080269784;37835.72150116152;39075.65695338376;40273.02751803471;34878.48991910398;46653.5072562135;38455.41016012852;43351.20396576573;43069.88117043853;42798.0490473589;40204.78534031003;42783.91513051804;48332.428191400526;41062.10092401867;42171.08012684916;43389.756202291006;41766.856971268135;42217.19775733516;41553.09838790014;43497.92627302268;42557.275958267055;42809.872618953515;38127.61143182885;45127.31569422994;48544.86268986706;41953.035915020235;42561.18444401012;36388.87339085587;36833.99165277208;42209.27590665211;40824.91783467455;41863.16374745265;40483.07517544524;44859.35664419408;44902.01023704269;36646.42197703289;42083.5865806474;42028.84577682776;43770.75444235622;42687.11200389999;46204.71854518092;37572.57899078235;36602.051971297646;40274.49817030644;43652.274329638996;45854.27964782329;39746.42583331023;38429.39557871985;41090.02820341926;44907.325272816845;42304.12016454012;40160.242296179684;43268.97451359616;35495.27646887094;45750.88287203899;45285.58521990846;40985.130000629215;40650.650784494326;37952.42530967651;38884.351334979554;41005.66867973856;34669.13684218988;41683.328834930144;37262.800653680744;42083.25877901784;38054.96228106024;40188.25578607728;46751.641930029175;41337.65998268049;41474.11684569644;46598.22179592718;45104.757745124036;44318.86884529349;42669.99275897257;41885.659661324935;48200.76302675903;37869.929405204944;43017.51509950091;46827.82780250934;43741.73041763746;43616.61644813626;39145.628252775175;40883.846932278655;43124.0465164132;43309.3434292372;41988.45980831064;43060.67408211545;43632.75041517214;41825.44529722254;36568.68579081312;40631.4046535166;36946.78808925502;45103.49559413962;43955.58538057156;38985.585678437215;36067.12079257287;47011.01349642863;40865.078152553026;42864.25488875094;43909.61379662299;42204.773653674914;38502.94566784656;42095.6568021745;38985.86822992449;41657.29251483715;39730.18941095253;43175.01417878329;43696.541239354294;44668.155433117834;39833.359338738024;36921.6957783299;40103.719905020414;38153.22712801319;38878.45066122131;39193.66584210225;42714.18685343487;39767.98850489085;40737.40465873305;45087.610402782695;41135.62019166827;47068.23043595483;47885.56433152595;42562.63798915353;42628.85237824591;42986.000849951844;44011.260057223524;43087.64228843318;42185.580405208326;36388.04188682226;40062.99410465182;39463.79442596481;39288.97206407397;45030.24104807833;41063.68918392025;44384.78605491236;38712.436038297674;43934.86967051908;40226.80623773844;41636.40919511739;41533.381057938444;44968.408246011284;37603.58244541542;47901.65877608655;44759.23148125118;46936.63943953453;41045.24082909901;41854.54339596638;43429.72715895069;46269.85944530436;43048.348025790576;45635.85187583971;40827.66880057585;44459.53169072622;43127.63140585249;40993.07290283443;46507.81794803984;43392.06300384734;40345.379734500675;40811.17444534434;43024.81855421818;43866.08477572413;44134.73099069079;42405.28530546953;41653.7755590132;43639.016807674576;34594.43494733244;45984.206400910625;39615.36084242092;35616.7750168329;40641.89152682223;42330.33554784538;40184.29210427377;38729.62516491997;35599.71938254786;43295.65121516636;44317.37012740652;44149.995366319126;43575.57423644709;44514.22589306519;38163.584174417796;44697.40513784451;34607.27386965549;41665.375550959485;41197.49468260493;43372.27347997279;38930.209354055885;38420.33883197918;43200.31937091761;37397.27391085713;41923.20137339849;41076.45000015634;45417.7044864754;40182.59070368939;39604.06845099607;38400.108971983114;41995.70856772746;37127.627707023916;42976.50466692001;40290.51664715895;39149.16433244485;37964.97325717589;42133.77858159388;39033.21797693717;40220.71016537747;41720.624411807;37946.85830117911;38711.20805569306;37110.39691276228;37996.354802121234;43678.64866106236;41509.68491750058;39585.92956739286;42930.38748446005;44125.4941902417;45936.69656812133;41585.384218130144;39629.33965448079;42644.43102505282;40869.803627951216;45042.556006965766;42743.0073832303;41884.96514612777;44558.68015107122;43743.466585229355;40250.33272899353;40281.53841881652;44989.4921387744;42191.59446982279;42064.221933527755;38392.00504390561;44621.03507236939;42347.2192705201;42138.67907777437;41921.302882887954;38164.86323152467;46266.80700651233;43979.78471255993;42547.79808873539;39528.6726463839;40175.16062325126;38615.46476176281;47248.679224500636;41205.890402225676;42295.089128954525;39652.57292891608;47713.55656243427;40962.449361126884;39893.066155012115;39553.62475132058;42629.694963820526;36817.45025041569;38999.026399954426;37592.98580281963;34344.83760304152;38329.419273972046;39323.29956655974;43518.69060593723;43080.632577599325;40481.18050927544;45741.61769698932;42810.90571325652;42791.0855631282;42418.173431777286;37479.69720392422;35498.58184018466;37335.86926170641;43665.49793082416;40951.7540298627;47188.05555801897;39893.96110823571;40879.213605617944;41342.31708155283;43235.45738925434;39730.158761677536;43510.47788817782;38465.25227678714;36058.21159110029;43639.99402978213;39317.19149358382;41006.47305120113;38700.428588505485;44309.130436981315;44256.9094263443;44017.62305907082;41657.450000474164;44037.74934362067;42895.758985460634;40044.84566798126;42764.87096362609;42567.49239551637;39299.49585384666;40697.759559827944;45181.80448594317;40377.662444130576;39181.68915739799;44020.83908255601;44668.291030414446;41978.32571399283;44560.14240756558;40651.26353094766;42920.05482450486;37632.44762007939;46129.00843456543;37702.97260021171;42452.48028916377;43585.785083266426;43508.770047366925;39021.74470652285;43304.35888912265;40960.045314052375;38955.13084079139;48467.897554837604;50078.60164449314;38296.24901304698;45880.34836181518;40114.39160159522;41085.98855097968;40494.10889650541;36905.41174446459;38895.066668017156;37538.88629534086;44022.63783117915;41494.334396705264;40239.34214743062;46638.8637101316;37504.54325886527;42206.595666866124;46812.594494057645;36099.87788459382;41219.33325771203;42390.67588406947;44330.28612501058;39810.04696872496;40060.84224089149;44893.180089701025;35286.50139548203;39878.17138310654;45102.22583408255;40333.05633320017;46333.75085533636;42996.35237800375;45398.385771654575;40364.82743065411;43992.35438220101;43646.87959608483;40572.73865728964;40999.8418245357;46850.380506657784;42341.943192043225;38799.6341181136;40213.932680112135;41660.27961707862;43876.83769303039;41504.94723150471;40972.73821565766;44861.98494358239;46913.38051882011;36271.66025543325;42163.91786231815;45133.607381897826;38436.329546622415;42401.30225588703;41297.5364270194;38937.84030293691;38119.67161981084;39563.996107981526;42819.23728883642;41010.02933754708;36198.61150391358;40156.10312215597;39251.81154621133;39566.39393063713;39751.540537521665;46605.77484153379;46342.64896610073;40655.04461726594;42653.54978226808;41844.14636409112;46220.12346525991;44931.395864402926;40742.72366204475;36341.90713454044;43361.95249284337;40406.87406424545;42272.693255702805;39347.34557735933;46838.24003424203;34745.61440238684;43365.167716884825;38532.02838302473;42878.087503468385;44945.60411390743;34845.61388515273;43763.309774746405;45694.690588252735;36215.55865908642;44593.377818779045;37125.01978305414;40722.20617635526;38314.53768420631;40361.112879596694;38995.586119643296;46312.25269900143;39043.60218717664;43441.9902869678;43072.79729029792;41208.0009753302;39751.753598423806;41754.39593460878;44520.626740034655;37246.4990494726;37669.26828941289;39361.40348950235;42158.2230403744;44586.37195365566;40832.84525389319;42328.83103424101;43490.16784470783;39725.56688623164;46499.11075390257;34823.33066478914;39747.55818810483;43848.31031302262;45150.33675578301;36211.563232226465;37429.78269909549;50334.809499742085;45719.355347341625;40961.893829748486;44874.23153571622;44945.20270123084;41399.32307185048;48057.95645580975;43980.088620990486;44319.69979274992;41254.03649524646;43888.27374890173;45065.47989750776;41644.27659418409;38199.29893850125;47089.124152155564;46864.188525928286;41622.810434713436;36357.2206976126;42754.396391280665;41266.27411564913;45492.902248390004;43169.79775161663;44511.9113593432;42348.5700022401;47028.54545542294;39789.82516443749;39786.24791737239;41302.45570560185;36337.56181614806;39818.17128310689;41884.057342438406;43891.22570957002;39127.810811092626;37281.07113828559;39150.724051287594;36993.94190743989;41421.67384503499;39604.125534880266;38020.45881564383;41005.95937261938;41887.308929386774;39366.62873911791;40.0
5;50.0;33692.252416279516;31351.63129669589;37456.44787839107;34427.72031574961;27805.12769037293;34781.93225287464;33659.206156964865;32937.790247150755;37527.253549055305;36892.28574467948;37154.70379146134;34271.1006274275;34628.606068064204;31841.300059939127;34803.951021803376;32889.7816245561;37693.13367594607;34749.78565411774;34029.153483125105;36270.32987284423;37425.01434704724;38862.793567399705;36860.78879489872;34985.148979402366;36844.44446940832;37910.336351365535;34390.32829219478;33305.468945428554;30932.713847772025;38495.50224988963;31512.793640141517;34066.35592975978;37346.10123928396;33220.93303632473;33946.082236117414;36819.17648719265;29522.32249999417;33440.206874105585;36096.060078111295;35518.583194807834;41676.09152609564;29302.304078449462;35772.496828396375;36872.03003845136;31702.680044437173;33686.97719548321;32710.69474244855;34571.18358979677;36096.84549107951;39160.85281726945;38942.160808815715;33253.64930554287;35983.103651580495;31887.75852506084;36143.662304842655;37627.8644580534;29818.168580529928;35397.27829356767;33545.34546647793;33560.791193237164;32632.870676862567;38138.29717314712;34044.23687501297;31255.50509877783;31380.806566683706;37939.095328153824;34568.35418196174;33707.41818179384;36013.32302258093;37776.58588882278;35507.13769840215;34558.911865792004;35457.58895879768;34325.306949412356;34974.76565460268;34184.275857539615;38655.3842777103;36131.31793312252;37246.86700980335;36666.97507546176;33301.08782186815;35576.46933582665;33668.10000000433;32553.286821416033;32788.95181266748;39511.58520180063;35777.30027571245;39471.28028465577;41925.98368840601;34682.71769379301;37236.21103936827;32279.593899264346;33000.14391881904;34214.581304948595;34609.21317805822;30545.89522754524;34881.594401453796;37062.909700145945;30452.68255196144;36117.50960831545;35123.832065337614;34279.566824197034;32181.601255852747;37771.23506244799;36373.651337492964;38343.12371884157;33473.41814047395;36286.366418640704;39183.31128170111;35321.837276085564;39876.57557635462;33592.966430802015;30374.357489170165;37748.2732221403;33742.97248025203;30025.98005891313;35690.675445642926;35641.237443493694;40155.78125876814;35413.506041509994;35374.38663310253;35796.10598090092;31001.252186655463;34524.104398345466;35575.7612141492;33202.687558567675;40471.999127794865;35186.38971849769;34293.82465241634;32825.096355604626;34445.808464422684;36104.964448732106;28922.615382288106;36809.07179931414;31640.88454524212;36635.52479490022;35888.34047110022;32643.267592440934;35185.481125106264;36048.09940462664;38259.75296021759;31860.694350634447;37600.599382538065;38373.20389651417;31500.40602656737;36718.273125771855;31017.800157794747;32470.644927549947;36800.142199097005;35964.7184998285;34128.75966217254;35745.99480774551;33691.82496867895;38904.53543030167;36487.155270346004;28984.019734862697;38068.00710031661;35736.76989291026;37881.9543569706;36046.662519818834;34191.85001502375;37138.877383775725;30601.13605880272;36959.37850638003;34217.12344275949;38445.19300074021;36773.10068167902;36220.88923005465;36191.484215725584;32979.32988523492;36286.60757179445;30476.601859535283;34471.24934464591;32531.159043603668;36654.86998585684;35985.99791694728;39940.3321075514;37344.72489153866;30952.40851450041;32307.787568097785;35243.47299521842;36260.204796688886;40037.52437727542;36347.578336734354;35466.238553215204;33282.74912817533;35383.58577800001;36768.25815708941;30066.008596752108;35113.406475402444;30112.885036757445;33319.8956726153;35930.924064573366;31958.778658159146;35132.462579565785;34017.96961246681;35825.25444783478;38351.844336428156;29124.840691135585;37287.889660758534;38330.218927910944;34083.67952624175;29148.251990683522;34375.310749875905;32622.374608313683;36445.66430779491;31028.420857206427;38158.555877582025;33023.02059358399;35568.85866065471;34526.633251839514;35966.76429331877;39692.85246120553;36453.5727150094;34219.18613399228;34112.45409069208;39572.78462260851;29925.32319570368;34914.36926050498;30835.870850837804;35126.82588796181;32211.58590387609;37361.61356506353;36025.340168499926;35913.93311810943;35110.87635633829;29413.209346213705;34259.9900010654;37801.79408584955;30454.844575871917;34116.15694878106;36107.58247622999;33634.52516318913;32091.421127210277;31134.596305248986;31957.788659445425;33238.12604585853;38965.27548102736;35418.282081675265;34571.08776401413;37766.99824733431;32558.13275804121;35158.190904658055;37378.518520351536;34932.02370842747;36050.86549281493;30477.710834622445;36971.07251650072;33984.076255530235;29240.446489771974;33248.54533946766;32886.72764158238;35852.520624712415;33217.151329191416;33131.254579848945;31490.909721019227;31638.53371736707;35998.265324238746;35562.66813369759;35418.89072688793;36843.40606825102;32514.932072902357;39079.26558027987;28297.97691792364;35113.261271287505;40682.0623361256;30202.869348610555;34670.4161098456;33471.26290234308;37995.94612334823;30631.826495107955;31879.027800490552;34554.158127858565;33792.301392103655;30779.704210620966;38493.59787411918;33160.49113373764;41597.323174119374;35208.81786532575;35790.24859341574;36623.44097116058;31007.86071175107;33420.31128305514;33672.46145054036;41188.557289188044;36124.58644388065;35148.67032882899;31882.060983620795;34454.53688395093;35201.891122453664;32275.18561176768;37313.67701834125;31038.375510000988;34714.32659369523;31388.280623706138;34721.62311782893;36787.224109270086;31546.118473919687;35943.013974921516;32647.993906137028;38063.69150852932;35870.85378967381;33361.27374964887;40426.98559370624;32723.717534104482;35839.24513387607;34601.240869985544;37050.582184489576;38531.05749002757;38252.09592703332;35325.95189668123;32199.3162997014;30731.19732790543;35713.422090892745;32986.11367246009;31168.119684054684;31287.252676850487;35784.86741762141;34452.8080769863;33256.995874874505;38177.56414883864;33799.41872389896;37267.17199972368;31808.10122330124;34802.15972373214;29810.777723627;34110.643772183;35556.57521410228;29716.01474936997;28568.177613329903;30621.437322876278;31072.809636608286;34971.59196760539;34595.970512485066;32153.43295412416;40172.60889317657;32283.884499903725;37747.82740360094;35742.08487288855;34152.19475849827;37408.20762889116;40055.65074882904;30738.418397336445;35651.967825907785;28407.99181473964;39573.66419426855;32655.448869282347;32897.49012018873;34919.398456494615;32731.456529020434;37428.06527059683;40531.476586618905;30833.246979645264;34899.3090841921;40719.8210737248;38363.52685082117;35823.972924867834;33203.61462943957;36461.4590549484;37164.34217321552;35369.38408292395;32111.12922386297;35150.677255473216;35233.76475130558;34582.77581591192;35395.411439885334;33463.038020225955;32914.60712018589;33401.2339267169;33093.78636431727;39565.32503969534;33889.061302204536;36129.79826366609;31604.97494044295;30477.43407676812;36871.84152587711;31929.24950723517;29993.80834107462;40535.9296650324;37892.69509652651;38048.06981211527;36303.430350689785;36299.13153614299;36201.8159445322;39695.95438527723;31316.970366184683;36858.01798521799;36490.9204098828;38032.36323158505;37187.296075348815;37961.34725291912;33910.362177046656;38150.544862141294;31672.280774022485;33655.734367106765;36017.63588768203;35540.75504400481;31007.847271710267;32082.95798023706;35488.206975669666;32611.76569765378;29545.024983913256;34155.83839742183;43996.963738277285;30337.219554533032;31189.997397142357;41756.7598917229;31367.892715188456;35225.387122635984;37289.42464187341;40084.22991947383;35633.87714861853;25817.363639539508;37419.532895823766;35609.83079169103;35272.88117923238;38592.97426360011;35973.7554139849;34056.04245878627;39805.144833169485;30040.672178439512;33548.139555478665;38583.29702542728;34288.843411146816;39352.382053817004;34820.704910074564;41540.648566975455;33891.49325236562;31225.989124427266;33308.465187160895;33624.172672127475;38731.889465580716;33755.29097837508;35043.99573411378;31672.73435267797;33249.30142897804;36171.868800540666;33680.663560159155;31629.990013596664;37694.509653364876;35375.343602622714;35443.371911091774;39035.57540128;32853.66857346028;36199.2630703591;31865.40829448101;29571.1775723868;35509.306099248766;38390.9578588781;41239.73746060865;37057.711312176565;37151.73337970971;37383.2026562124;38098.28211529576;34828.033046221266;36003.07426557808;35947.34709323305;33411.986065179786;32355.328808174232;31214.54570688428;37086.3602526161;33716.02514346957;35858.325300430515;35915.60194232439;34246.04621519787;34763.74886905326;37148.90060550413;35480.87603036254;36315.87466496967;38550.249072809966;33497.960778640045;35340.091990059285;34858.00221461897;32504.14995048189;39235.00158055348;36488.6988044451;35378.03832764997;35164.226161811785;34289.627500498;38390.530767417644;31487.28722963317;33163.934654621786;32279.605346961514;40369.389137877;37101.59518772607;36817.657024831846;36886.25107238075;35517.043226777365;38745.888766548;30643.500556743387;36576.23268925067;30592.36556835101;39684.83622269568;35576.981133521535;30293.75110805915;30438.909539942666;33241.73590238738;33076.95048858546;37214.82808385036;37258.243243583;53520.26643866578;53520.26643866578;53520.26643866578;53520.26643866578;53520.26643866578;53520.26643866578;53520.26643866578;53520.26643866578;53520.26643866578;53520.26643866578;53520.26643866578;53520.26643866578;53520.26643866578;53520.26643866578;53520.26643866578;53520.26643866578;53520.26643866578;53520.26643866578;53520.26643866578;53520.26643866578;53520.26643866578;53520.26643866578;53520.26643866578;53520.26643866578;53520.26643866578;53520.26643866578;53520.26643866578;53520.26643866578;53520.26643866578;53520.26643866578;53520.26643866578;53520.26643866578;53520.26643866578;53520.26643866578;53520.26643866578;53520.26643866578;53520.26643866578;53520.26643866578;53520.26643866578;53520.26643866578;53520.26643866578;53520.26643866578;53520.26643866578;53520.26643866578;53520.26643866578;53520.26643866578;53520.26643866578;53520.26643866578;53520.26643866578;53520.26643866578;53520.26643866578;53520.26643866578;53520.26643866578;53520.26643866578;53520.26643866578;53520.26643866578;53520.26643866578;53520.26643866578;53520.26643866578;53520.26643866578;53520.26643866578;53520.26643866578;53520.26643866578;53520.26643866578;53520.26643866578;53520.26643866578;53520.26643866578;53520.26643866578;53520.26643866578;53520.26643866578;53520.26643866578;53520.26643866578;53520.26643866578;53520.26643866578;53520.26643866578;53520.26643866578;53520.26643866578;53520.26643866578;53520.26643866578;53520.26643866578;53520.26643866578;53520.26643866578;53520.26643866578;53520.26643866578;53520.26643866578;53520.26643866578;53520.26643866578;53520.26643866578;53520.26643866578;53520.26643866578;53520.26643866578;53520.26643866578;53520.26643866578;53520.26643866578;53520.26643866578;53520.26643866578;53520.26643866578;53520.26643866578;53520.26643866578;53520.26643866578;53520.26643866578;53520.26643866578;53520.26643866578;53520.26643866578;53520.26643866578;53520.26643866578;53520.26643866578;53520.26643866578;53520.26643866578;53520.26643866578;53520.26643866578;53520.26643866578;53520.26643866578;53520.26643866578;53520.26643866578;53520.26643866578;53520.26643866578;53520.26643866578;53520.26643866578;53520.26643866578;53520.26643866578;53520.26643866578;53520.26643866578;53520.26643866578;53520.26643866578;53520.26643866578;53520.26643866578;53520.26643866578;53520.26643866578;53520.26643866578;53520.26643866578;53520.26643866578;53520.26643866578;53520.26643866578;53520.26643866578;53520.26643866578;53520.26643866578;53520.26643866578;53520.26643866578;53520.26643866578;53520.26643866578;53520.26643866578;53520.26643866578;53520.26643866578;53520.26643866578;53520.26643866578;53520.26643866578;53520.26643866578;53520.26643866578;53520.26643866578;53520.26643866578;53520.26643866578;53520.26643866578;53520.26643866578;53520.26643866578;53520.26643866578;53520.26643866578;53520.26643866578;53520.26643866578;53520.26643866578;53520.26643866578;53520.26643866578;53520.26643866578;53520.26643866578;53520.26643866578;53520.26643866578;53520.26643866578;53520.26643866578;53520.26643866578;53520.26643866578;53520.26643866578;53520.26643866578;53520.26643866578;53520.26643866578;53520.26643866578;53520.26643866578;53520.26643866578;53520.26643866578;53520.26643866578;53520.26643866578;53520.26643866578;53520.26643866578;53520.26643866578;53520.26643866578;53520.26643866578;53520.26643866578;53520.26643866578;53520.26643866578;53520.26643866578;53520.26643866578;53520.26643866578;53520.26643866578;53520.26643866578;53520.26643866578;53520.26643866578;53520.26643866578;53520.26643866578;53520.26643866578;53520.26643866578;53520.26643866578;53520.26643866578;53520.26643866578;53520.26643866578;53520.26643866578;53520.26643866578;53520.26643866578;53520.26643866578;53520.26643866578;53520.26643866578;53520.26643866578;53520.26643866578;53520.26643866578;53520.26643866578;53520.26643866578;53520.26643866578;53520.26643866578;53520.26643866578;53520.26643866578;53520.26643866578;53520.26643866578;53520.26643866578;53520.26643866578;53520.26643866578;53520.26643866578;53520.26643866578;53520.26643866578;53520.26643866578;53520.26643866578;53520.26643866578;53520.26643866578;53520.26643866578;53520.26643866578;53520.26643866578;53520.26643866578;53520.26643866578;53520.26643866578;53520.26643866578;53520.26643866578;53520.26643866578;53520.26643866578;53520.26643866578;53520.26643866578;53520.26643866578;53520.26643866578;53520.26643866578;53520.26643866578;53520.26643866578;53520.26643866578;53520.26643866578;53520.26643866578;53520.26643866578;53520.26643866578;53520.26643866578;53520.26643866578;53520.26643866578;53520.26643866578;53520.26643866578;53520.26643866578;53520.26643866578;53520.26643866578;53520.26643866578;53520.26643866578;53520.26643866578;53520.26643866578;53520.26643866578;53520.26643866578;53520.26643866578;53520.26643866578;53520.26643866578;53520.26643866578;53520.26643866578;53520.26643866578;53520.26643866578;53520.26643866578;53520.26643866578;53520.26643866578;53520.26643866578;53520.26643866578;53520.26643866578;53520.26643866578;53520.26643866578;53520.26643866578;53520.26643866578;53520.26643866578;53520.26643866578;53520.26643866578;53520.26643866578;53520.26643866578;53520.26643866578;53520.26643866578;53520.26643866578;53520.26643866578;53520.26643866578;53520.26643866578;53520.26643866578;53520.26643866578;53520.26643866578;53520.26643866578;53520.26643866578;53520.26643866578;53520.26643866578;53520.26643866578;53520.26643866578;53520.26643866578;53520.26643866578;53520.26643866578;53520.26643866578;53520.26643866578;53520.26643866578;53520.26643866578;53520.26643866578;53520.26643866578;53520.26643866578;53520.26643866578;53520.26643866578;53520.26643866578;53520.26643866578;53520.26643866578;53520.26643866578;53520.26643866578;53520.26643866578;53520.26643866578;53520.26643866578;53520.26643866578;53520.26643866578;53520.26643866578;53520.26643866578;53520.26643866578;53520.26643866578;53520.26643866578;53520.26643866578;53520.26643866578;53520.26643866578;53520.26643866578;53520.26643866578;53520.26643866578;53520.26643866578;53520.26643866578;53520.26643866578;53520.26643866578;53520.26643866578;53520.26643866578;53520.26643866578;53520.26643866578;53520.26643866578;53520.26643866578;53520.26643866578;53520.26643866578;53520.26643866578;53520.26643866578;53520.26643866578;53520.26643866578;53520.26643866578;53520.26643866578;53520.26643866578;53520.26643866578;53520.26643866578;53520.26643866578;53520.26643866578;53520.26643866578;53520.26643866578;53520.26643866578;53520.26643866578;53520.26643866578;53520.26643866578;53520.26643866578;53520.26643866578;53520.26643866578;53520.26643866578;53520.26643866578;53520.26643866578;53520.26643866578;53520.26643866578;53520.26643866578;53520.26643866578;53520.26643866578;53520.26643866578;53520.26643866578;53520.26643866578;53520.26643866578;53520.26643866578;53520.26643866578;53520.26643866578;53520.26643866578;53520.26643866578;53520.26643866578;53520.26643866578;53520.26643866578;53520.26643866578;53520.26643866578;53520.26643866578;53520.26643866578;53520.26643866578;53520.26643866578;53520.26643866578;53520.26643866578;53520.26643866578;53520.26643866578;53520.26643866578;53520.26643866578;53520.26643866578;53520.26643866578;53520.26643866578;53520.26643866578;53520.26643866578;53520.26643866578;53520.26643866578;53520.26643866578;53520.26643866578;53520.26643866578;53520.26643866578;53520.26643866578;53520.26643866578;53520.26643866578;53520.26643866578;53520.26643866578;53520.26643866578;53520.26643866578;53520.26643866578;53520.26643866578;53520.26643866578;53520.26643866578;53520.26643866578;53520.26643866578;53520.26643866578;53520.26643866578;53520.26643866578;53520.26643866578;53520.26643866578;53520.26643866578;53520.26643866578;53520.26643866578;53520.26643866578;53520.26643866578;53520.26643866578;53520.26643866578;53520.26643866578;53520.26643866578;53520.26643866578;53520.26643866578;53520.26643866578;53520.26643866578;53520.26643866578;53520.26643866578;53520.26643866578;53520.26643866578;53520.26643866578;53520.26643866578;53520.26643866578;53520.26643866578;53520.26643866578;53520.26643866578;53520.26643866578;53520.26643866578;53520.26643866578;53520.26643866578;53520.26643866578;53520.26643866578;53520.26643866578;53520.26643866578;53520.26643866578;53520.26643866578;53520.26643866578;53520.26643866578;53520.26643866578;53520.26643866578;53520.26643866578;53520.26643866578;53520.26643866578;53520.26643866578;53520.26643866578;53520.26643866578;53520.26643866578;53520.26643866578;53520.26643866578;53520.26643866578;53520.26643866578;53520.26643866578;53520.26643866578;53520.26643866578;53520.26643866578;53520.26643866578;53520.26643866578;53520.26643866578;53520.26643866578;53520.26643866578;53520.26643866578;53520.26643866578;53520.26643866578;53520.26643866578;53520.26643866578;53520.26643866578;53520.26643866578;53520.26643866578;53520.26643866578;53520.26643866578;53520.26643866578;53520.26643866578;53520.26643866578;53520.26643866578;47.067;43491.85674422133;35695.814602578976;40117.391115163606;35642.98955842377;36041.02166309419;31319.710410388452;28847.189625703486;39276.32796910093;42145.08718560892;32493.670151062437;33112.08093982497;37209.04497850812;36683.153237028215;36333.61120792727;37839.27227812237;40425.04275872969;29822.16304361793;37468.40955566184;36821.05355134702;37234.584109020056;31664.424835685768;37574.86201437029;37564.05118026752;37229.48216008874;33524.83837860059;38709.11794262875;46445.77279659828;37053.54455919154;39664.64795782668;33825.872867831175;35105.621749345766;26962.25631629521;37005.4480255122;43258.57529824572;30733.01423406408;42024.79127697408;35087.8921472958;40214.73930475225;31851.744861251318;32512.63967008712;37776.17583914078;37191.35057858334;38605.010776447765;35001.45717356818;31168.113285064966;37136.40152126466;36569.07376700211;35410.224460944104;38106.19566835898;41186.35788733303;42945.070632150404;35960.12372957476;48357.91220442798;38515.98619326927;38123.819480561404;39150.59460826316;26764.455041761743;36283.03637297155;30265.127581812685;33629.911308327355;33662.002060791696;43573.0765831381;32510.5421221149;34429.08819796382;45343.26440148575;40172.73883663942;31854.247186890985;42359.59457735395;39097.942862825264;40701.61810945567;40410.66738703938;42642.270010245964;39860.489414672316;30488.0322805382;42625.32036504908;30866.205429111134;36613.833891299066;35777.04659010608;35293.014033044296;42916.16637701528;32880.8371651578;41507.011444860385;32100.26972086852;37813.866185619314;38195.98769306352;34898.086848908235;31720.463517081327;45789.45097933665;37212.592041411626;31224.904613731713;39410.31273240474;35628.712325223;43488.47642109344;38963.99889085837;40181.35756829987;36619.15996933098;31988.173558384908;46122.54822107191;41307.10006215358;35497.98742973371;40494.48174701891;38285.51547598506;41599.530425906516;31585.06007185158;33200.86345963;34124.96208206934;40167.98792925806;37394.608385649866;39900.62847558272;36202.26509781414;31131.543008140685;38376.72758414036;35694.15256159898;41825.34918059806;34551.72369423014;34360.96688243015;46257.59686833044;42832.829889577166;34912.36990347417;31917.31508447328;36986.487197113136;36210.477486434575;43289.26585628629;42475.78649639967;42380.2715609996;33939.69650815934;43499.362103337386;43039.169711196286;45447.96018150919;37522.428441527365;27608.22628414567;38632.52068943814;38203.166818694386;32994.98598356988;31058.806941539948;42689.43880899189;38173.83710065959;35009.67029250917;36282.314975195965;36076.379629887786;35928.82875676736;39336.33516302298;39339.800046146986;41512.783939022345;38871.9107114072;37256.6861805241;36588.28546135228;37078.834353377526;41974.566023831496;44427.09722783086;38623.99308831566;34755.92210715567;41865.56737190877;37707.45172293413;37245.257711635866;33639.727383013895;42562.78400285227;40227.4918677102;32672.673287395937;39371.08597111298;40708.3496693918;44310.6758708611;34412.921639125016;37290.643430256016;41146.14619998227;32963.97784810845;31485.107402459038;40335.258403626656;36612.50735345311;33719.8226033212;34901.33270332933;32264.589171002368;33081.653490967634;38007.825195214034;27227.07722457322;33156.241380201725;32560.037517240064;36824.66714467955;46985.476214314025;39933.120230687695;32938.35151209483;38826.29242705058;38708.84977507543;39881.34637873912;26964.614470178185;39767.61739291426;41555.965739838815;38905.1243316065;29406.104414765967;36414.513899753736;38311.321259026015;35321.65759186782;47781.756849578036;31281.148489694577;34999.44593333212;43088.871323537096;34263.36095737125;48883.282665966624;36523.07582206897;41442.27788489235;31440.99239368035;35279.64654672269;31488.400256554432;36779.961159644095;44948.19146940256;31184.088888403086;39816.66784560438;33718.127425874765;40333.44755099987;44719.91471284079;33316.5865024129;38742.99311070593;36758.470733659335;38839.30842933899;40148.73385136936;39768.160277491945;39626.663864218135;40514.18947856009;35066.33517908385;43837.19516921683;30846.482483883112;41775.16280810544;43784.1491512864;32574.258952019845;42460.182068796144;31266.13720008368;38893.57763334342;41409.345068876515;40095.497853880304;39605.38406274752;33083.90517650009;29579.79844392109;36763.67818560147;35871.46987581758;36390.387481721235;35670.102773376115;34935.240783895555;37180.62721521704;33619.00397108415;29845.963376941865;43715.72118612872;32674.873486824414;37417.15931013986;33588.70776673189;44788.86917311276;39050.29166410487;36850.1318090392;39888.8540032895;36499.62684573447;40327.864166798405;35609.65231098936;40215.16170788728;40722.03130282487;33611.05515571579;31612.929272400917;37570.38883986698;39716.40670281397;41790.80045634326;35415.00690150158;36005.671034533094;43292.302608957565;33366.19487276937;40465.361679194015;38014.02369804018;37713.78890185448;37271.03640464002;36959.066938088166;39730.738744874485;44925.911213520274;36340.106396697614;41997.54758144816;27437.14132077533;33996.887572246516;35464.446134468664;37933.00437317748;38214.297734367996;45245.23106308571;34740.113355002715;36763.64716498203;32414.58148352512;40141.621355496;31123.09278407647;36949.77611091732;35557.789315949754;40585.28837358346;40075.360529499296;39993.78031871299;41365.27489132958;40470.7913681972;36555.68852959797;29377.121196362554;32165.427141747423;31804.020582436035;38769.65818514153;37275.95462582019;41759.198449625226;42849.06480322266;38641.867965491925;39654.209916425985;33565.83426473866;41652.77565408662;39078.718303108966;32699.29499957622;36437.84686617631;38541.767377255535;36378.602888409536;34790.88144531477;39029.96299624839;47801.25372540277;43019.35230412027;43097.145660751296;33594.76500431335;39566.15316544057;49791.04982901008;39972.11869004129;31714.90182965652;42766.99623292219;35686.07733501082;30615.072912982967;39421.880212283635;34765.05569425061;35704.04428794342;31565.9583617754;41264.24513133233;26447.56820212313;49391.01018343543;32495.644789764014;48183.469728434335;39098.09584901295;35775.378964326184;31744.492832741293;30979.797734782424;37950.46897425067;41448.1854533576;41356.13593835128;34624.62028523059;43388.81147822313;36510.38079117004;31050.159016499867;48433.41252734754;35696.85112245011;26107.142437759903;32326.880285689887;31694.370434238437;40345.08168227952;34213.01799932566;31123.42006245036;34862.7287578619;44550.83798130388;46143.307259692025;32573.331146631142;41781.561418300036;35334.59816147816;36587.576524294025;39095.622414215744;35182.056240442296;34181.97266899686;37242.53630687908;38314.85880157158;39116.92692100488;28550.699169607647;39198.32604790899;33426.27072167188;37674.4988786513;37867.08803091738;40374.25510156034;29880.872834714195;42497.669162786086;33660.3472074205;32017.70421459484;35554.862206890124;39851.61908145244;37336.586252083616;43606.670350024135;30778.718260364054;39295.16836435198;35083.844601056626;36714.82567873799;34173.518520870886;33762.14004601899;41846.572417866715;36454.9555097616;35142.734531801536;38704.65514171549;40543.17617644023;38546.86087101159;43437.446775434335;33220.363063275894;37432.87661141816;36955.20158801708;41937.3743653025;38592.28178106405;36329.72409388065;40859.73477929951;44151.58125989265;39658.078912834666;42183.00831000933;39656.30617182559;38342.92529762168;35149.988546411034;46384.66666614425;46849.14696735121;31772.1448745319;48561.17943410948;34602.34197508583;38996.49587414636;40367.520786220266;38891.866600199486;43635.53157544;35036.72646652765;31293.717447474515;27329.011539776242;35250.733310424075;41575.72469948344;40442.180483078635;37046.379961483886;30516.495342497696;36131.912239879886;40553.03189427082;37541.12606982842;35936.43939204069;41590.634511437296;32072.894393507486;37820.675588664526;46443.99708507952;33146.8400190435;39767.34608976032;33527.96063917858;42356.37138702282;37438.23033095483;46815.93082463267;35228.89368751477;43396.5571814248;41044.823710151184;40695.66754917927;32185.591836864645;32517.693807569536;42053.92268789633;35285.68376210366;40088.09003790944;39031.21391149768;40520.966519729445;35210.08920011648;41062.69747815547;42624.77842663988;36681.981348199246;43241.501829167406;43062.99510301252;29694.09325270237;36841.1214167156;42441.183140900066;40261.19252061639;34752.055206490724;41409.123731078;45572.25055078958;43874.922032718285;41360.35941657181;37929.8383187842;36089.37492708806;36993.46739874312;41556.58462421564;33875.336372597216;41964.225806350296;33178.941818775485;44408.27988709646;35044.75153432997;35120.98346835639;39014.78443673188;38662.476949333395;32864.80839677024;37399.32589943738;38410.575157392326;37804.44426589656;37844.2757207344;37572.19339916995;34596.417866370495;36275.53013273047;35969.017988894346;40590.807765056736;37527.67740699143;47884.49168048114;42091.07187963563;40388.03690309239;35923.58259072721;33240.238109602215;43016.557807538324;40177.75439565453;35254.491132705916;31623.786989653432;41971.40778653204;43863.03207694536;43055.004411588285;31620.957183321803;45751.4288624271;39785.94862514147;38801.609650762606;26425.044356939696;39368.10104345044;40313.76659581917;43338.41878747713;40;41499.98434209032;41393.21715709084;50940.60299854908;35515.2522639636;43022.276316511336;21494.445286550206;50178.108651877;48550.77347692912;40097.85008228461;42354.07553745678;35215.66228165336;42500.77307394892;39122.29514629434;42603.824966546;40676.70732843099;24422.0130523804;32781.437025029554;42863.17723115321;36855.207625066905;40940.005565628635;33438.01169046569;29278.762147323614;44550.500173714296;42641.413372036746;35290.03141923737;34644.614910727185;33744.18603428714;37910.866473042435;35769.721584368825;38317.052412860736;39266.979574394754;36251.211273170855;32221.177824331;38798.89931203421;36323.98071941853;36317.454386017795;37404.65003082073;37666.380936069334;51657.099394064666;30074.70712150581;30636.79944642313;29473.205456836968;39536.92726157326;37235.31048003562;43764.369494950464;44784.95945829338;39786.66348713395;42970.83678490801;36683.38146545087;50613.28900215461;30774.418872825663;44699.93420551832;47013.212255727616;42432.760295982785;34967.92601655038;38155.36185468834;41407.55541571064;46673.5052591429;40067.959039679976;37328.998435799986;39930.71502947941;42472.63491986679;35293.454479672015;32977.153282132655;46897.725444562675;43976.59883236192;43211.821097379056;40829.8565992739;28343.969340824864;43627.358798585614;39195.265050459086;41620.43196769932;39799.275554074484;40682.78855639994;40806.079796069134;46528.69780036979;32434.932970394777;41032.3088827531;42373.92154495879;41928.828567789715;43415.682569727156;39338.36593842085;46678.600379198986;33135.764691167584;39626.32381227397;38877.706917086136;29058.523081819614;38236.777357110936;36658.63499906877;43089.570691451234;35982.71320916082;49310.262597229266;33375.367564668566;33358.26402477326;40904.84756030292;47868.56931870173;41290.885054295024;42121.252666575514;40876.670325700135;24518.220861515307;44288.99785388004;39516.15465358683;20004.22894019688;36695.083554314806;38678.628846919135;29180.747932817212;36167.34434995731;35351.9602678644;46949.331177868255;35646.12129190189;39870.68505080106;32561.14165120108;44882.68953041965;31237.492893497016;29561.19828805569;46105.779077093684;32844.379720606266;45965.858419901066;38353.98408992343;36470.70529106117;45329.26738015528;39485.82440190083;38030.54658371916;56889.613973734056;43408.48318769528;36215.1769445963;39598.21929532528;26350.862654243312;38293.42669518976;39636.179067706864;38441.89076274993;49311.411549848825;37960.380476880775;42678.31737951172;39520.64207362651;42159.41859934183;45037.659455697576;29108.376437188486;44843.90815941871;34011.869644937186;38517.66185898249;36890.021310655036;30849.95641697616;40453.650408036636;41936.4955812272;37527.89863925857;29716.097289987167;49026.24896884401;52603.15372253684;34423.77016765403;30968.1679711131;45933.884793640136;35946.54751085142;40269.52891875828;50840.397279064564;22789.311954860317;33048.1346221836;43610.54442829598;40558.56917955502;42675.79528442209;43018.63819713824;35660.224075444894;39903.93185353591;37385.503817093035;44094.070991972025;36252.01818905649;33822.447000254964;36120.91728898236;38832.29207134016;44312.78033367831;40891.15474469248;29810.288740530093;39931.05355000503;45904.577337071416;34168.32149712216;39847.6166850866;35084.782658313816;29797.64888574144;46440.159114596776;41438.859364185504;38053.344398609035;42528.80877166851;32975.05698898189;36003.88130119962;42676.51237260138;39692.111584143815;40776.13946079931;39474.02671440048;37967.32056278702;35672.627298265266;36369.81431105957;37927.76609171403;37959.389318451256;37807.31396009968;24162.80780174344;47841.31312047232;35264.27634780656;47732.490262494284;39061.619664424376;44214.376870101136;42452.798821018434;49494.95014013443;35871.441174476706;37391.75192351293;33628.57258478632;36038.1485082063;40098.172704214296;35076.32407856868;46216.41060069218;36449.785757854734;38585.73998468455;45874.549475867694;42632.93309421721;34332.622817920084;29924.697915392135;44838.4540257273;44448.80371128222;32586.837490383485;51022.8761771938;30160.10295677833;41613.40557552649;42577.61635479892;44373.91844764472;38152.64479481052;38085.00392310348;40205.635560476345;37251.62941921109;41029.30036539865;31610.474853440985;41182.68266501255;33280.27497879172;47688.06522419503;39741.921005896496;44602.089804340925;33029.117165464115;44098.17557656209;31528.317814522416;51623.077841113896;25596.291772221288;45593.247781875645;47702.062030173445;27823.58330738288;33978.294609328805;46046.8032770593;29439.88196341545;41922.8832629434;35035.86693643352;41598.69147969641;40451.53153630669;34808.89530929435;47128.30831757363;50289.00995143695;38704.22604722924;38588.92745963468;39062.360561906666;32460.66339759495;34745.48707434591;43970.92445199865;40907.94916728821;38333.17732012109;32998.565785557614;42568.80658309841;38962.974344827046;44858.777997036144;39639.67564590349;35115.374027506135;33645.2566005836;46870.405813320154;36140.780928070686;34662.274209381096;44863.40522878945;49259.045499390086;39588.64160112088;39423.53555425839;36394.80311304335;28785.641517320462;37833.983429472806;34004.78575802185;33739.54595785107;40903.95329842167;36263.903625531755;41528.47022688868;40012.76610273127;32281.592566609746;36478.34396864394;47887.17229853736;49695.169576022214;37015.930283946334;50384.80862999999;42416.942842281635;48244.838529071814;45673.603259467265;37859.896363751526;34589.58849313123;32145.162603948564;33755.04279261046;38359.907342547005;34584.85809319776;35910.93356275365;31995.271771984048;39683.51632874395;37506.33009105576;39672.42558235668;39321.33720504583;33985.443859621715;39297.45011450625;40163.885485282;38461.856856802486;44321.56662594472;32434.77085307257;38605.61030191416;34945.440366762814;43420.484333505214;41335.319252564586;35316.588008296014;38996.563517364615;33896.314207034906;35319.82856032766;30518.83329319033;31485.808706526725;33133.272041008866;39477.434985734384;41698.847177875316;39430.35794505647;46976.85202741508;31136.351576931338;46162.237123783605;30679.54770425944;38297.23293010928;50184.44337152705;44401.786068724454;35521.361397477005;42278.306664380725;27570.14410505639;35008.74854024585;27980.0448257248;49707.42636988673;41872.45989394312;28980.88579507044;36699.2712433828;40052.66530273147;47908.187235355734;41424.73732305061;37713.70389414228;34870.144042664346;41690.73442277975;39061.48389769331;37582.47803999939;26622.457904235103;43051.81952581597;37295.19156699105;43194.790657292906;35300.34860462375;37749.99133010385;45198.98150218;37308.043740165085;36923.575968995116;35576.31689970227;44119.31894199756;42786.053944023464;43971.398305562034;37598.94408327747;29515.385236233764;42694.51448140047;33066.839995313465;31143.82634739041;33392.27498837836;38947.04619101416;48746.30287580128;31140.47520841495;28019.672620155987;30892.230949845893;33803.868143768435;33664.183315975875;35771.78015844021;43888.92754608259;36962.26227703771;35384.47573144931;28750.868782386566;37388.72833921772;34886.202188004674;48856.322952375136;42607.34487277828;37558.01282849563;45773.132393128035;21041.45583508593;49790.13733160941;39884.01207915491;41952.72257634247;40836.03650716411;42845.465585036385;46585.02275690197;43610.266202995954;44472.56382304439;43233.83934557542;34154.602864862914;46083.91753416816;44144.596870773;34309.486886330764;48178.8027246111;25875.116072821933;39221.1006313788;43935.14654712704;38272.213336356384;34789.780033989264;35758.06570430127;38168.43257191727;40620.52551913475;34313.997058115434;37307.659185639546;29841.709846552745;49911.79018787423;28962.584684434038;28863.16089498265;39442.70742582456;32264.245918590987;35123.159420275784;34561.26363394018;48856.121741592186;48672.182770673026;38905.20195821149;38847.14032698078;47654.30406856567;39211.64249848969;37566.78920868608;36819.3360702001;39485.51311037835;42761.16663285803;38618.68803057183;33333.74607848498;33319.279180104866;31517.004421354068;49399.46673425951;41323.41897820082;30611.6693458916;43526.94446977596;49019.79199999977;28799.15811113223;37964.377128398766;48567.49261218337;35465.317312578714;40042.39150179069;51901.5310494528;47435.078286076925;29409.285234266474;37354.66846782674;44399.0561740217;34827.46573173003;33753.158824011414;48677.59997335504;37337.517709224936;33771.99949500305;31741.79844497897;45581.51603361686;43260.011937431365;35156.86406102603;45869.928934233896;40913.294313834136;40774.33971453871;43329.08484483036;39027.37124364741;45052.369416509646;26674.21032265457;37898.417432091344;39068.73973585313;37119.75096817083;42940.545961198586;42899.837802085465;43162.51113297618;37964.413612570315;47974.4046067764;33709.84584335786;27164.22404526003;34771.12556984332;34119.03648150494;51479.399456487794;46153.41755301952;40323.54800030853;39977.15894841851;32507.29963853817;49418.66589463682;40557.97655193525;27392.649099029044;40961.69070555997;30918.18979725513;43722.560744855946;32865.232837394666;35273.893721605105;28394.814890124857;42907.104883711;42598.960626150896;33728.287188875016;36931.64455576002;32634.208765381205;45324.79375155084;44638.961181758066;43834.253872595036;31265.623039049213;25260.597665667792;57389.0795949362;40;50477.35250528395;50477.35250528395;50477.35250528395;50477.35250528395;50477.35250528395;50477.35250528395;50477.35250528395;50477.35250528395;50477.35250528395;50477.35250528395;50477.35250528395;50477.35250528395;50477.35250528395;50477.35250528395;50477.35250528395;50477.35250528395;50477.35250528395;50477.35250528395;50477.35250528395;50477.35250528395;50477.35250528395;50477.35250528395;50477.35250528395;50477.35250528395;50477.35250528395;50477.35250528395;50477.35250528395;50477.35250528395;50477.35250528395;50477.35250528395;50477.35250528395;50477.35250528395;50477.35250528395;50477.35250528395;50477.35250528395;50477.35250528395;50477.35250528395;50477.35250528395;50477.35250528395;50477.35250528395;50477.35250528395;50477.35250528395;50477.35250528395;50477.35250528395;50477.35250528395;50477.35250528395;50477.35250528395;50477.35250528395;50477.35250528395;50477.35250528395;50477.35250528395;50477.35250528395;50477.35250528395;50477.35250528395;50477.35250528395;50477.35250528395;50477.35250528395;50477.35250528395;50477.35250528395;50477.35250528395;50477.35250528395;50477.35250528395;50477.35250528395;50477.35250528395;50477.35250528395;50477.35250528395;50477.35250528395;50477.35250528395;50477.35250528395;50477.35250528395;50477.35250528395;50477.35250528395;50477.35250528395;50477.35250528395;50477.35250528395;50477.35250528395;50477.35250528395;50477.35250528395;50477.35250528395;50477.35250528395;50477.35250528395;50477.35250528395;50477.35250528395;50477.35250528395;50477.35250528395;50477.35250528395;50477.35250528395;50477.35250528395;50477.35250528395;50477.35250528395;50477.35250528395;50477.35250528395;50477.35250528395;50477.35250528395;50477.35250528395;50477.35250528395;50477.35250528395;50477.35250528395;50477.35250528395;50477.35250528395;50477.35250528395;50477.35250528395;50477.35250528395;50477.35250528395;50477.35250528395;50477.35250528395;50477.35250528395;50477.35250528395;50477.35250528395;50477.35250528395;50477.35250528395;50477.35250528395;50477.35250528395;50477.35250528395;50477.35250528395;50477.35250528395;50477.35250528395;50477.35250528395;50477.35250528395;50477.35250528395;50477.35250528395;50477.35250528395;50477.35250528395;50477.35250528395;50477.35250528395;50477.35250528395;50477.35250528395;50477.35250528395;50477.35250528395;50477.35250528395;50477.35250528395;50477.35250528395;50477.35250528395;50477.35250528395;50477.35250528395;50477.35250528395;50477.35250528395;50477.35250528395;50477.35250528395;50477.35250528395;50477.35250528395;50477.35250528395;50477.35250528395;50477.35250528395;50477.35250528395;50477.35250528395;50477.35250528395;50477.35250528395;50477.35250528395;50477.35250528395;50477.35250528395;50477.35250528395;50477.35250528395;50477.35250528395;50477.35250528395;50477.35250528395;50477.35250528395;50477.35250528395;50477.35250528395;50477.35250528395;50477.35250528395;50477.35250528395;50477.35250528395;50477.35250528395;50477.35250528395;50477.35250528395;50477.35250528395;50477.35250528395;50477.35250528395;50477.35250528395;50477.35250528395;50477.35250528395;50477.35250528395;50477.35250528395;50477.35250528395;50477.35250528395;50477.35250528395;50477.35250528395;50477.35250528395;50477.35250528395;50477.35250528395;50477.35250528395;50477.35250528395;50477.35250528395;50477.35250528395;50477.35250528395;50477.35250528395;50477.35250528395;50477.35250528395;50477.35250528395;50477.35250528395;50477.35250528395;50477.35250528395;50477.35250528395;50477.35250528395;50477.35250528395;50477.35250528395;50477.35250528395;50477.35250528395;50477.35250528395;50477.35250528395;50477.35250528395;50477.35250528395;50477.35250528395;50477.35250528395;50477.35250528395;50477.35250528395;50477.35250528395;50477.35250528395;50477.35250528395;50477.35250528395;50477.35250528395;50477.35250528395;50477.35250528395;50477.35250528395;50477.35250528395;50477.35250528395;50477.35250528395;50477.35250528395;50477.35250528395;50477.35250528395;50477.35250528395;50477.35250528395;50477.35250528395;50477.35250528395;50477.35250528395;50477.35250528395;50477.35250528395;50477.35250528395;50477.35250528395;50477.35250528395;50477.35250528395;50477.35250528395;50477.35250528395;50477.35250528395;50477.35250528395;50477.35250528395;50477.35250528395;50477.35250528395;50477.35250528395;50477.35250528395;50477.35250528395;50477.35250528395;50477.35250528395;50477.35250528395;50477.35250528395;50477.35250528395;50477.35250528395;50477.35250528395;50477.35250528395;50477.35250528395;50477.35250528395;50477.35250528395;50477.35250528395;50477.35250528395;50477.35250528395;50477.35250528395;50477.35250528395;50477.35250528395;50477.35250528395;50477.35250528395;50477.35250528395;50477.35250528395;50477.35250528395;50477.35250528395;50477.35250528395;50477.35250528395;50477.35250528395;50477.35250528395;50477.35250528395;50477.35250528395;50477.35250528395;50477.35250528395;50477.35250528395;50477.35250528395;50477.35250528395;50477.35250528395;50477.35250528395;50477.35250528395;50477.35250528395;50477.35250528395;50477.35250528395;50477.35250528395;50477.35250528395;50477.35250528395;50477.35250528395;50477.35250528395;50477.35250528395;50477.35250528395;50477.35250528395;50477.35250528395;50477.35250528395;50477.35250528395;50477.35250528395;50477.35250528395;50477.35250528395;50477.35250528395;50477.35250528395;50477.35250528395;50477.35250528395;50477.35250528395;50477.35250528395;50477.35250528395;50477.35250528395;50477.35250528395;50477.35250528395;50477.35250528395;50477.35250528395;50477.35250528395;50477.35250528395;50477.35250528395;50477.35250528395;50477.35250528395;50477.35250528395;50477.35250528395;50477.35250528395;50477.35250528395;50477.35250528395;50477.35250528395;50477.35250528395;50477.35250528395;50477.35250528395;50477.35250528395;50477.35250528395;50477.35250528395;50477.35250528395;50477.35250528395;50477.35250528395;50477.35250528395;50477.35250528395;50477.35250528395;50477.35250528395;50477.35250528395;50477.35250528395;50477.35250528395;50477.35250528395;50477.35250528395;50477.35250528395;50477.35250528395;50477.35250528395;50477.35250528395;50477.35250528395;50477.35250528395;50477.35250528395;50477.35250528395;50477.35250528395;50477.35250528395;50477.35250528395;50477.35250528395;50477.35250528395;50477.35250528395;50477.35250528395;50477.35250528395;50477.35250528395;50477.35250528395;50477.35250528395;50477.35250528395;50477.35250528395;50477.35250528395;50477.35250528395;50477.35250528395;50477.35250528395;50477.35250528395;50477.35250528395;50477.35250528395;50477.35250528395;50477.35250528395;50477.35250528395;50477.35250528395;50477.35250528395;50477.35250528395;50477.35250528395;50477.35250528395;50477.35250528395;50477.35250528395;50477.35250528395;50477.35250528395;50477.35250528395;50477.35250528395;50477.35250528395;50477.35250528395;50477.35250528395;50477.35250528395;50477.35250528395;50477.35250528395;50477.35250528395;50477.35250528395;50477.35250528395;50477.35250528395;50477.35250528395;50477.35250528395;50477.35250528395;50477.35250528395;50477.35250528395;50477.35250528395;50477.35250528395;50477.35250528395;50477.35250528395;50477.35250528395;50477.35250528395;50477.35250528395;50477.35250528395;50477.35250528395;50477.35250528395;50477.35250528395;50477.35250528395;50477.35250528395;50477.35250528395;50477.35250528395;50477.35250528395;50477.35250528395;50477.35250528395;50477.35250528395;50477.35250528395;50477.35250528395;50477.35250528395;50477.35250528395;50477.35250528395;50477.35250528395;50477.35250528395;50477.35250528395;50477.35250528395;50477.35250528395;50477.35250528395;50477.35250528395;50477.35250528395;50477.35250528395;50477.35250528395;50477.35250528395;50477.35250528395;50477.35250528395;50477.35250528395;50477.35250528395;50477.35250528395;50477.35250528395;50477.35250528395;50477.35250528395;50477.35250528395;50477.35250528395;50477.35250528395;50477.35250528395;50477.35250528395;50477.35250528395;50477.35250528395;50477.35250528395;50477.35250528395;50477.35250528395;50477.35250528395;50477.35250528395;50477.35250528395;50477.35250528395;50477.35250528395;50477.35250528395;50477.35250528395;50477.35250528395;50477.35250528395;50477.35250528395;50477.35250528395;50477.35250528395;50477.35250528395;50477.35250528395;50477.35250528395;50477.35250528395;50477.35250528395;50477.35250528395;50477.35250528395;50477.35250528395;50477.35250528395;50477.35250528395;50477.35250528395;50477.35250528395;50477.35250528395;50477.35250528395;50477.35250528395;50477.35250528395;50477.35250528395;50477.35250528395;50477.35250528395;50477.35250528395;50477.35250528395;50477.35250528395;50477.35250528395;50477.35250528395;50477.35250528395;50477.35250528395;50477.35250528395;50477.35250528395;50477.35250528395;50477.35250528395;50477.35250528395;50477.35250528395;50477.35250528395;50477.35250528395;50477.35250528395;50477.35250528395;50477.35250528395;50477.35250528395;50477.35250528395;50477.35250528395;50477.35250528395;47.84;42919.215144409216;40595.492967418206;47184.12465472984;41351.21916270106;46950.213397551335;46828.697243322626;45233.258646736846;46302.90282165374;46870.481697855255;46525.77856729688;44138.19967043273;42708.74641534093;44851.31621286551;50606.39954425152;49579.054900347706;46869.258325006835;45632.52978062656;46034.37888919609;41521.58634990506;44262.93734431798;40109.73496989776;42222.87824328728;43462.08550052694;46789.176801088;43469.3193443404;45271.547056935284;44235.19293352533;45664.478584614655;43936.51745839437;49140.980119714004;43869.40456944195;44989.89723316825;47435.23990762269;47207.089614517645;41059.935294838884;52272.49447059435;47168.739343121975;41318.61411761059;44564.721697172834;43021.22971139087;44527.17783605888;40177.23737911844;42998.672115821384;46584.595275485306;43873.28784673521;43556.32213513264;43654.45946732083;45502.56420502841;43534.201347087415;50115.19736090615;44142.69673663403;44966.39312092915;44119.48057036479;46507.21284092167;40195.07067727558;44327.51444291578;45763.132230998184;44407.32715653745;41841.24897437436;46214.637313999854;45674.710181049835;44527.755271624876;44601.88682933475;45037.04887084756;39133.57467712725;44906.55559114355;45509.67486851009;47167.273567723496;45558.08493822917;42007.28484482512;47236.79787768505;45547.65463260966;42881.16875957513;44127.233016367536;42752.063715580254;45182.152951687785;46263.78724257812;41839.32750360316;41585.046705411296;43960.36107155236;48664.84193721801;44281.13696465863;38529.435592907255;45626.58770785305;41289.01224271905;42549.333416407884;43734.59216561312;43922.503682865135;42967.92221522778;45209.31070220309;45451.52659963768;40746.548789944216;42365.6106438328;43968.319321840565;45019.11973163128;45564.305628371614;40933.83565561904;40995.53120042416;47870.26447771286;45695.82146392329;41516.35029980325;44642.33274171617;42510.579740580535;43998.3508581339;43333.726822226534;50000.084496858544;46207.22369685023;44674.175940137764;42924.28049203768;44076.28864994088;45238.314047759544;45675.71827498778;46479.03187009929;45493.17105064176;44990.522162348796;44443.33931641484;39919.854872624855;43290.68382078864;44126.72296282448;39942.673629603865;43662.115802703556;44225.37372728253;48845.17507689945;44433.869558866776;47393.8125392024;40020.65491677917;48154.49714350405;43373.4329433468;44434.919617570136;46352.56384005542;38620.53813145302;41974.70469204585;46065.58131430873;45566.41156152365;46744.68768194874;45112.31240158113;45502.917682285595;42817.101719260085;46448.02481222196;44712.58194632389;43783.81064555606;45986.062135235275;45618.825991100384;46793.20904804736;45246.91186008712;49796.90276918323;44321.47305355381;42010.4279317692;42633.7460911024;46206.58113507969;47006.17015805206;47025.59751649731;45485.22630095294;43804.753955935565;44992.514583195116;44002.827874207884;47914.808340746014;40593.827954806766;42505.225342354686;45993.71646489702;46356.23833166097;43921.13994458704;45655.43396145896;41481.84680273224;44827.255811780255;44234.334358349726;41983.54257986025;44549.42112303256;42526.64644001912;45437.22112906132;42435.36813987976;46150.2854052497;46651.64836419121;42289.29531528414;45512.737383187305;46262.511418321905;45430.24088230829;44461.99606895283;45882.98996223533;46333.10925467121;44774.98361873462;43557.383650176576;45635.07737449306;43320.858470303065;42340.371118806535;47815.28297236082;44686.93533960192;46225.22865447088;41224.479870882664;45405.836128841736;47064.2799965617;49087.33230003001;43681.78585548392;44096.26457232238;49882.17440041855;41687.27286353304;45159.70365015637;40351.29688660042;45531.60565948189;43473.06801315409;43787.673794576316;47870.08709502264;45483.598904456514;43849.00649181723;45502.96761287428;45061.377244089694;44692.187827630245;42380.68699577748;43490.80739900448;40586.6090826503;41894.94622096563;49239.11403975618;38131.136708879196;42314.33055925002;44391.37555553953;46026.06415124193;49242.66093523182;39786.2410020196;44576.20086879018;44180.82888595312;42608.73964647287;47736.24300893438;45726.008127731846;42635.758983702864;41777.33101846275;38059.41449972605;40797.94724632477;47636.72408048977;45510.92717958805;40566.92539221855;44172.1906452546;43978.733365909226;42609.10239553058;48062.78227884792;45470.728926087526;46821.11326504941;46246.21117764644;43077.10422887064;43527.397543453146;45157.109845484825;46370.82964047244;46736.23489653872;46295.288263641436;41296.77871530203;44155.942078555214;45745.67995097577;44649.65604011385;46583.6739739231;44979.87921789502;45356.25311251664;48602.172847957816;45437.90238719256;45094.6530795425;43603.179674481966;40456.20896520674;40305.750319784114;42679.717632019485;47845.008866997705;44921.11906151794;50532.905509296834;46882.45550853669;45634.1005930441;42905.11375943337;45516.5420833775;44638.063439141726;46110.49135321883;45352.33432099997;45963.16775463174;45566.65996665087;43443.90034535293;46559.20775460488;43957.819991156335;46828.942493796436;47037.368108438895;40993.54414420075;46623.24838189867;44479.38287417981;43600.219809807706;42412.273735024835;46891.392238227614;39917.89239458752;44910.64045959272;44726.657537656;45972.01753354969;46335.831185624935;43619.70777202252;43446.52696986606;48295.364085933004;49336.640024208624;43076.299232884325;43687.42717749899;44904.39218361405;42806.97069704392;49155.33814393996;40173.30906681929;43844.47014243513;45159.90086933696;38143.88091611654;45007.0659096818;44740.77980010193;46156.35602875462;47865.7416700803;42045.95646756267;47220.84945188359;47239.42074750071;43185.19037227109;47831.34074683106;43808.97216840944;45112.16380170288;47337.049429125516;44772.931379263864;43235.78069703283;43389.12346406983;45428.863671001214;44742.02585099927;44168.63875949706;42838.44310748682;48726.119347260144;39133.88523684356;42938.81527718048;44279.682862127716;44961.631880906105;46189.251987451615;42425.180872322315;45203.21569053269;41050.18181787053;41098.993287869176;45395.59932214564;42287.589022109336;46013.38946380388;44310.06328806253;46998.48917718575;47781.80887094007;38662.37878950819;42553.20619451845;46537.58925683008;45861.587888583636;40626.241312730126;45199.68508361664;43446.43064135902;42188.822348004265;45613.012056074775;40415.45035878367;42604.701589263794;45839.425672622936;42967.021716813455;43820.70075406277;43368.4479630462;46555.6066356294;45164.12036081623;44451.51401962912;47311.89546702584;41962.466981292186;49728.566176366505;40158.1742493036;44167.63276483564;42787.39388747084;47009.87883822714;42703.295792769175;43024.59035131031;48641.276081520446;45700.64924183972;47210.816726065175;42192.802636295855;45816.85517445252;45938.620310396815;40737.25352504272;41699.103788915;45277.574389435824;45293.55673519437;44736.97121944568;46370.309195640286;45272.08118865699;39169.60381829042;45027.834038523935;44190.418763574344;48354.08270853084;43117.6039086626;44878.6144229292;41855.45060306026;47515.606129772714;47074.560825311935;44331.39582192917;45351.23501925088;42027.813765580264;41343.00641622766;45048.50849764459;45208.481077800636;37314.18746996154;49970.759954249464;43123.38215410668;45348.88200271234;47231.075619288444;45706.643549222776;42056.27838121363;42743.86928538716;41107.1943519889;43211.55463796405;47253.0081330158;46206.33859168549;44892.16574944722;44758.366538632225;44933.379600185166;44669.7312421963;43710.03969777457;39822.8967525208;45318.63161546996;46013.20741145199;44054.70245700656;44508.36870942727;41839.170380810334;44326.70901082203;46489.590441050095;38362.69174120783;42784.0061954249;48081.617297912286;46967.668215539365;46691.07166758049;42872.449236239976;39080.5516090784;43724.04699288543;44373.394087319386;46906.50988496369;43747.99189501439;46208.90958472582;47867.243299859474;45757.88096042648;41089.950437278836;47206.91624560644;44889.801478960966;40209.44847172868;44582.47468587478;43856.95879452082;43272.801218267006;46761.71176793613;45398.99722688117;40179.368705472414;44297.27721613803;46451.762047362325;44080.372910479746;44672.54555665711;46885.768803333536;45339.46033806833;43668.34858689143;41918.20315372394;46238.292714956435;42376.33978863273;43880.13344658194;43957.3600178487;48708.69755657799;45524.758490948836;42015.42042558771;47507.595354853474;48199.69796383081;48704.30456317485;41738.793637673254;41979.068243204616;42616.28579978973;41908.756772061315;40330.00080534833;41607.62306547405;44392.86488733426;46484.32088148702;46224.41085479421;46308.255302528014;43318.388626588414;43372.23910821238;43776.411433675115;51095.32372070738;42358.49035103576;45977.772713996;47728.48502201248;41559.7455846191;45856.181588361884;47882.96990567776;41765.72987384926;46790.82451020296;44007.39912296454;39377.81600475824;40644.62838712953;43612.441010448565;48451.39019012771;42166.28619952293;41781.69265886817;41535.177750289535;42131.683142864415;48146.391901854826;41308.98177825724;44774.75240814938;46317.29827495956;46104.17354213724;44199.767070876136;52899.962026101755;46232.85143416321;42206.27890789513;48412.198693695565;42277.327593040034;45239.803868086594;39709.963336641216;44669.804034115965;50.0;51859.640150192485;51243.23350716479;41963.12564074962;50933.472369156734;56336.10495532496;45998.66262570404;47130.32020559229;53430.90603357536;49230.42479060571;54325.44260053299;51270.725382595076;53129.163584854134;51218.01076382712;54317.03813353706;49863.47666133336;54047.6084761432;48477.726288232625;49517.32043020236;51489.17080366366;50951.98881167346;44629.119948993844;53296.40513504924;56327.396749704945;57511.252951898896;56293.662104085975;50626.518556594936;53431.11127528567;52309.77088929739;51072.86401865601;53026.33413251116;49691.16527656901;61822.88347430376;53731.02513632225;45408.221543452986;45949.01420815626;50807.570750322346;50422.56795366543;51098.97147021811;48619.7441746453;49178.02956190451;52285.83945189942;53022.748898443155;50663.70168873749;52703.762363986956;60301.97310635884;48115.59415968274;50091.68078448316;50947.53568085159;54393.56399843066;55429.74472981549;51221.42089882609;51308.35416055779;51072.48434292164;44299.21537468146;52312.42272948504;53420.96059714987;56875.143292653374;52175.32024367103;54363.28840688705;48673.0809406406;48625.727272391305;50633.086835269714;47861.08628447478;52894.81630938365;48198.298388737545;51871.871286696565;52933.22578977952;43339.67347439416;52147.8027203571;55057.66698404346;50669.313930109274;50708.08534461644;48969.19732201916;48005.15676821963;51602.68197970731;48034.029233242174;52720.64265438425;49461.509972266074;50459.462283749635;51289.004813256135;54500.744079855256;52024.614657522536;51513.07318669958;46709.47095442372;55661.86578825656;38959.96930192769;59278.83301551665;53805.236553968876;52458.27319876663;49490.136133190856;48843.96993989952;48556.16134440956;48946.123525374365;47248.98270101689;47241.40424273913;45793.61446295821;49821.47944750803;44820.73738224822;49950.270476015095;51006.683015889415;55606.34046658756;56134.527859688984;51064.89292756542;56453.740349209154;51740.0353438083;49094.81587429537;53695.83120366448;51323.709070660625;49393.9634493295;54253.43331196383;59656.26871722282;49023.3136569019;53550.60276246919;48592.24835530097;50592.0282031068;51008.41343627426;48024.941737432564;52652.031600442046;53411.50530231515;52664.41648570777;50331.732477302474;43283.3061045279;54550.074735061586;48662.29787425766;52597.495344757466;45417.45259421974;48714.539874566566;48907.10765222139;50422.39788046121;50615.82085932049;54119.016629021455;51124.478368486336;46062.941820933294;47212.137228956184;53641.35526930436;50681.90643237709;52698.157370487446;52122.901006868895;51909.51114647808;49513.955874476276;54242.468527645506;48761.1507107389;50058.69720254952;44766.50769305785;48783.64953190261;47222.00982514499;48968.0765581201;48228.336028930724;53545.57421657014;46082.33556210706;59602.78593244802;50956.80058741284;52585.60987525932;58611.869635222494;49976.75878903128;48192.602904071864;50606.78282263116;50415.99184175482;55301.95676923338;46431.0567672862;47185.2425416755;52220.58487564571;46275.93538814917;46907.57673908772;57356.57695750288;50314.32284996155;53067.94322076019;48467.92987765551;53095.59966466522;49958.359976771935;48619.192409168965;48961.817093019505;49455.70084348812;43679.25724664272;55867.9018749174;52954.73352820192;54941.71876916413;48736.48830331416;48103.144804303556;52286.4192626091;55057.45707592889;54138.295507860545;49430.7659513443;48120.31904062594;51542.934257249624;44469.84846909768;51560.18908155931;52947.76285326585;58951.70854358164;50329.98546674653;53733.71523576342;57619.10385832371;52601.17646390865;49526.803463021104;50316.41492110168;50169.89418984004;54287.62178398973;44819.8154014325;52582.566567679096;50885.31338425132;47584.38086296567;48598.627488736325;52080.50258184306;46548.38535712928;50797.06991994277;46990.46189576882;47855.123855838676;53823.04106187401;50779.90760210113;50529.474960226755;50219.17705820649;53651.21636397611;55103.0143810371;43633.78490116311;46972.31585811972;52525.317596847264;53380.40826274142;48503.702972643434;50730.35452470434;45691.34746349106;43333.79125975286;46972.59981281133;49169.71587342765;53435.76773634432;53308.03902516047;46309.41755242829;42695.23417447212;51732.578399277125;47810.47637409915;54587.201795217654;52568.213048918944;47930.94562237636;51907.55993955638;51237.49777622239;49158.75424518811;49946.026182772155;49939.99608546704;47625.7677920229;49027.1106426838;44872.8612017075;55546.486532796596;47748.80303123526;54855.87458942112;44875.214773523476;54088.274445137315;51930.54195026128;51296.63655973553;52304.7846999907;55931.82032447102;58988.075243220694;49795.37196757378;48546.81564402958;53487.05433983861;49439.37137061563;55476.83149775073;48335.24919231262;46993.01476303592;49494.21786849097;51048.93369338155;49588.18732599149;51894.076599423934;52367.01880561628;53673.583052659334;52890.38193099474;49982.99715111832;54069.08940142748;41710.24102674135;52753.09794374548;52829.027103629305;48158.62627332008;51878.647965288124;50531.891271928434;48091.4715360711;44138.75958453371;51894.47208059027;50713.77886020162;47845.81626512011;53682.42135612286;48493.357760149855;46134.79713065494;47275.58884374485;52476.345016394145;47699.28423141023;52009.02617072876;47235.21100768962;46290.291352982815;46947.94168086073;46548.61291371232;52262.47136502342;48961.41432393745;47805.40912142;48328.91840314402;55496.605288677114;49667.687968569466;47251.154225112106;49129.312341127385;49033.222342110705;50143.45026482884;53944.57633186069;45318.824472383254;53630.32857719031;46933.88133681758;50206.48846300886;47245.61360578748;50222.88747115909;47300.291799775565;49375.78573502756;47369.86768941048;48304.03005017104;50475.00243289619;47027.902756898235;49503.92753850567;49114.2972008537;46264.70856299144;50193.17502846752;48116.64443253291;50940.05412774287;50383.701925660585;54708.094800117;50048.14950617695;53676.856814286555;48484.20755604795;44724.18539740933;47748.27935801761;60031.393764781154;50731.4158854853;44161.67941826841;48177.74541929631;55116.9629181567;44306.62010068052;52107.11271432437;48999.892482524134;52724.90338676844;43939.39634027564;53679.33150212439;51706.64284062706;56115.243022255;53109.64810072418;55856.2165999124;50154.02271197217;51402.24551301744;49223.68860472572;49187.07070303681;57669.6959421324;49040.17135507017;47605.28944770971;48018.54886985022;50774.323698833665;52156.342084243835;47492.259941470686;45478.639878382484;45746.182354606775;52029.74345248896;53804.42262619801;44472.10097553915;53991.316842997345;53394.7576679302;43349.46093247962;46066.25073028232;50669.73104835076;47134.37396529768;50446.65106704924;47382.598817836886;52777.5341791797;47359.734712683916;48408.52014371443;49971.3740592667;39406.34100989612;50627.82189408354;54192.05298825911;45608.56268075201;48727.10218624788;49952.34211328998;49065.93301660978;52634.02815525234;54704.86120787579;55359.43916693944;53182.68052600039;52749.68466033293;54860.59110658393;53215.41327497478;46286.827028225205;48655.70628638798;48986.78496125271;52702.865462127826;52150.60520733835;44242.925629707475;54945.90306016113;56614.50581704527;47553.51420021695;51210.91743197334;46527.40514717895;51755.34918331312;50352.56324322098;47689.06415603622;49629.31354318926;51085.0006990603;46527.672908821165;49538.51001542928;51635.14811500406;50481.24136303941;52484.689465212534;48428.85489556486;52718.326602976595;46842.31900953158;48242.75732253608;52838.36859625109;50155.049313998796;59045.06594943653;48097.938815116686;57250.65316949984;58796.81357359546;44481.05666615216;47943.93446037502;49596.9843546422;53946.42693461946;53226.52597709263;46478.17175551878;53310.98034206474;49126.43148371771;54118.98287141009;44523.48777454894;48633.18973238808;50898.483884629764;50865.21823079737;51173.851812532346;56883.47878924634;46877.08870761186;47267.51114234732;47267.20063721054;48833.38738031262;41458.877684348394;47791.21351777305;48063.01723994321;52972.878985007206;48982.47547791814;46562.689807914285;54486.10238266327;46485.2329832064;48142.709245032805;45283.58552242528;51980.459545056714;44700.09566970689;51797.5974318021;47999.8612081835;45810.88702485966;55904.2760532938;50369.49655154793;58456.72135140769;57775.53470591288;50270.604426398786;49441.45133531594;54911.51081861268;43809.4441446081;52454.98102759257;52146.723930696186;42865.09208784791;50164.049240198685;57669.18520439072;54838.78699333276;52980.79715899684;54141.67435267876;52556.78896568001;51932.74451922897;56333.9708905517;46184.923171538896;48502.34657791724;51549.44626885231;52379.263258891515;57021.307389193986;51091.048906678814;50184.769147710125;53172.09331532383;49015.49386125002;51395.49830083981;44139.92854889148;52499.79925261553;49667.97723530111;54946.935700097696;51267.781448917856;48358.10931586216;51370.236749546384;49866.585555600985;50746.08392919786;49597.93752003851;49140.933518513506;44951.05903505471;49917.08238191515;46368.68485539775;55712.10377822681;48085.40295048896;51015.92949612189;49744.84072162632;48060.342906352475;52538.96617288531;48543.19410449946;52619.88262386876;46192.40675260156;59814.069033638894;48633.12886678404;50.0
6;60.0;38505.69484829536;34958.751170228534;38298.44209179525;35038.466718250136;35557.445448362574;39651.508874611136;36748.38593615826;36396.81871610455;38110.25312239544;37329.75475778218;39600.32253862159;37124.55472899949;34782.89494689092;36164.5663117769;37732.12346581506;34519.445691617926;39715.032957814;36806.65468005253;37793.810142995695;37789.95680315748;39783.85130053312;37646.59694148715;40108.42281918213;38059.905258586106;38463.29771846761;38060.30703169981;40037.180561806;36761.22237231367;37162.51988931169;39430.12620810655;37064.006658701604;37612.12093171625;39346.57994107018;35532.29309034779;38134.218779983705;40197.16521489536;36883.72803602138;38238.64123736863;37745.962627368215;39593.098208771466;39001.671299272995;34758.864442670965;39852.29406307767;40680.52760095548;38173.84502057105;36739.87031296047;36082.46265859937;36624.135884624935;39698.68002217123;38437.915318161206;41002.37071229859;38652.26158258088;39556.77225595378;35257.16275376142;37238.921809700354;39474.7016447664;37527.774098870126;38674.58682458212;38036.752685967294;36495.46789508238;36390.898845607975;37694.35860481301;37719.063724055115;36476.70750676799;35096.01631129158;37855.332983054774;34191.257523091204;35494.85843922266;37199.58296365253;40534.605942055896;37169.507520179846;34118.810878818666;37990.15877274268;36124.903455577834;37779.25580331623;35902.32928021038;38058.529060100016;36979.635437720666;37414.510012782936;39073.46003023023;37667.79765461941;35628.52185303661;36250.3875967236;37858.829377601316;37287.01964226032;40884.03075729393;38309.02720005471;39816.14908487367;37348.23789750538;40016.84364270468;37864.402102940665;37490.65437094879;36626.74304861855;38752.64461267009;38790.442201736565;39097.57843813073;39270.500355449796;39869.22211946404;36966.44050702743;38697.954515602185;35875.59355907107;35893.152481085344;36685.9652226324;35333.06385085672;38760.13841959377;41067.476575074696;39610.674040956015;39166.269997826515;37252.93110535528;37043.44832648927;38360.49383257076;36103.972559916205;37292.3971694247;37151.11621891047;40824.524937951006;36868.959862811076;38614.302391754885;38083.93911627261;43228.70458940769;37338.33061777767;36507.311161500016;36870.019590734686;35534.43115506104;36078.20674376607;39405.803860854125;36304.21059141621;39793.606722279976;36685.58694460687;34486.60271741687;36444.00881777267;37885.28996055792;39649.936838178655;35472.8257243084;38640.65849904598;35840.485401650665;37639.18236369471;36629.7815095756;38137.48306498694;38283.50539103853;36940.0856007383;39294.14441242347;35769.63285735893;39709.62695484226;38826.268518927645;35294.545316530144;38022.09936466348;39102.45889776728;36979.58462354056;38899.326855187166;37505.5584359134;35931.361078715134;40264.59060324504;38150.20022357605;38521.94127204532;39408.574926854446;35552.028738277215;37497.85586198317;40072.093689373636;40367.34851322141;39874.38345763528;38391.018796441145;38056.59482324709;38085.396893030535;36875.64025986752;37310.51989808957;39300.93221261243;40222.95987766871;34667.34738225266;36722.34355518452;35948.86854974587;35586.725684125166;36677.88450582086;38924.498094427785;38172.54964535171;39317.29856720829;37880.513122819626;38821.69801920161;37957.14442671088;37603.71592460354;37469.80157468094;40231.88915893837;35733.29855717853;40360.38588954348;37106.161489949314;36907.449493435095;39326.98903851956;38350.729997676055;35553.17029730277;37213.24041409743;38940.99733316491;38871.07376905373;37505.65669940902;37129.729099829645;36704.61246426273;38244.784556566425;35460.890936986696;38389.63506819685;40090.487245732096;33687.26843109402;38765.20179643787;40283.36971381413;38097.02232394226;32686.351079697706;35736.78575815296;38936.91233917698;38649.36320836037;37642.719234557444;40549.1945482188;35404.32167468393;35479.58842877274;40060.495807354455;38542.54467879206;39262.90807961243;39689.98120719869;36358.03874542892;36394.20308863626;37443.10588427988;33479.58209836014;36396.766889301965;35516.42540631544;38444.38156159979;35788.348555945195;38306.4798019154;36544.772297389325;38403.462451373714;36123.41183881553;37677.48193341303;39164.37614565503;39883.628277251526;35930.06325637235;38019.48724543686;37270.32112792647;36131.94649986101;34787.05635178782;36136.123702321136;37709.4076229778;36844.84790833547;41249.010397136735;39676.58270493335;37098.36607340123;36823.122122061584;36628.82429820502;37264.048834252026;39089.641751624564;37616.89112889055;38601.22447867868;36951.38372419911;39940.44325640208;37054.33594485099;34989.25369928035;38005.88270110912;36918.091339033796;39429.35407897542;37352.891910112136;38255.74731301831;33405.8287394994;36545.360677614415;38372.857740616404;36472.87704015381;37476.99905837022;39712.179044245495;37153.97695902229;38217.63779395996;36357.55250750209;39821.88118595607;37551.80102559144;36700.30556537578;36585.07400207997;37377.62363153503;36071.692810856;36355.94858179119;36800.31794042647;38405.12475948136;38368.408520575154;37701.31371983187;39638.773645897454;37415.70602956569;40515.37458962237;36348.417671678064;37890.30548577623;38483.93445464129;35693.205351714176;37281.239353448735;36901.96075148278;38843.357033032116;39421.39634544744;39150.665593674494;33685.59906436794;40305.67454022062;37418.671999849386;34776.989526408855;37143.427329240716;37984.6961411239;40071.44134447149;33641.8522654046;37623.30347306777;36557.67936480773;36124.160694328304;37692.599398724764;38932.64961537438;39981.428105834435;39182.6985801509;35914.99378742806;39720.18463898469;38262.21642960844;37476.65506289392;37925.121246568386;37539.2829960472;39475.286517281085;40263.28231005814;37511.49111193127;37999.706598965364;35309.27463166295;38349.77309605833;33754.730191629795;38064.71429366118;36727.77803363187;40626.34436669391;39456.04553913538;37420.71711769038;38130.012437653015;36711.32788307155;38341.931072732354;36972.79208616547;38127.10519489821;36138.87453106159;37579.44447278936;37471.36434929927;35299.41537110085;37900.84782334411;35878.70564252605;38613.31465388145;35599.17684143159;36288.748550381744;34074.08251478261;39106.36430710089;36285.20088153232;37033.513218903616;36007.136437233814;38896.75043336875;38402.1835999875;37462.07344394478;36481.34094990575;38095.78057555246;34214.8886054406;40009.959915727966;37573.957654234735;37758.3545048456;35959.978937036096;36470.05279986627;39609.14205601703;39801.51183152972;35637.291198568026;38405.96901729438;40342.09180540303;36554.98064479732;40307.415006127565;37983.0961013485;38188.57177527352;35752.541738544125;36642.512539198564;32907.6386740209;37513.45536171181;36310.66728349464;36826.14977626268;36163.65655677257;36320.81429532426;37837.52490895933;37469.8469571919;36898.35080498893;37217.600814169986;37759.51985415916;40065.23742147982;36217.25704907709;37528.46478466184;35022.88906009242;38362.14921130228;35436.83039977821;40937.37490098081;36030.97847356717;40576.76830276653;37187.67539168266;37117.453009056364;37568.382029081185;39595.28210637602;37866.945486703095;39651.86293941047;37978.979942634876;36529.54935657489;39947.08165147215;35382.39733104125;36147.839979925055;39005.6238757905;37510.32563762332;37636.41145155362;36678.59549394787;36503.48725321029;34907.89117402043;37664.35322003714;34181.58756619842;36145.97795980101;36668.28785409423;38102.650026947136;42835.59763892268;36343.04548899869;33906.06748921141;40880.17034810216;33369.691735697634;38020.53854127813;38089.95839213392;40011.186981523766;39448.878306372644;34762.302571482156;37021.47961938803;37324.03424275749;39047.151250122864;39989.87551640523;37092.477827791154;37529.506684664935;40932.33091287645;35489.946006549675;34870.1306983103;42824.43003332598;37499.869617868186;39041.84720645991;37780.12485592868;41656.065558110524;35709.49793941558;37652.109416810286;36140.30090501825;35614.08963370342;38968.62315077879;35289.43776441968;38649.762615334745;36004.216762154465;39973.675743355314;39947.406961140565;37246.180027378796;39389.407950663;41391.068614581935;37415.60061464813;37981.97463228148;38867.93926827768;38557.224354925915;38840.56011948247;34631.10197067792;34742.89667449084;36614.41001287452;39468.46648110978;39665.00564382685;40111.93833776518;39233.34037042897;37256.48971844042;39721.88761973924;37761.135374046666;36135.479906239954;38797.168806123394;37128.44187457819;36065.878648936916;39119.60296451642;39506.8166317977;37731.29832005668;36231.061793580986;39086.872571566346;39618.93820058544;35707.114705715736;38608.6513242852;37841.207089436015;37434.602629844885;37802.67127675813;36533.72982598828;40106.895146428535;40088.33493498499;35152.10804815775;40514.50360102691;36198.613623496814;39032.51833165233;36586.8039641393;36545.720124908985;39567.09112273301;35559.40036660293;35085.04269712701;36712.62927767076;37571.15727162699;39415.8419051876;35766.147002626385;35067.55353750708;36576.45785490689;39183.14028931213;34334.686847781835;39000.50663784352;34826.93509863705;39850.69089991116;39724.77325339358;33594.85752261768;35216.10699256435;38581.590464708825;35883.62864098578;37519.47883943787;38486.94532668098;56954.795697570196;55935.8082216199;54955.26352735014;55823.31138507138;60300.580108752634;55393.79438122141;55406.83813923868;56155.16799240295;54429.88183173615;55996.15871594369;56643.801140546544;55529.32378613146;56185.44201100077;57122.44306923492;56716.322054388474;53339.353950834855;55199.82084862792;54502.396881728164;58306.55493556756;56680.68384421506;54527.72557329057;56837.482203759646;53132.45051892199;57405.22025892133;57803.57911752867;55051.750525003095;56665.34912022374;56774.658672821424;56580.95229451582;53952.11396516335;57438.519232167986;54361.46559157742;54393.32713362011;57372.90982176046;53968.67379969699;57000.20250333853;56471.53713029963;56018.400037835;57414.773196768016;56749.86077452375;54509.58852759594;56890.354117297764;57230.901686678924;54578.66787853741;58013.164160160224;57174.65926294024;55122.71770496771;56221.805483196615;53864.92589615658;57538.987294186365;55149.118743009305;55286.88029306216;56280.15195402652;56068.2631928853;55080.40762366073;55207.50792658966;55493.08983031707;56198.71629499408;56598.99281852416;55642.946920494716;55653.38481933504;56579.01983698233;57681.021358602455;54766.00775588609;55488.60618889005;55859.695520688045;57625.82745475959;57746.07751747107;57952.90305126045;55691.174099883225;54907.59258351458;54126.382639113115;53851.69753878216;53929.81738138547;55030.187052305264;56501.352215912615;56344.64679148284;53939.810955811816;51943.33257528112;57765.360404877625;57157.48245314385;56258.30587608104;56929.71705969253;54275.13154882992;55370.86795297128;57881.56183699655;55173.32569786943;56313.10166653678;55772.562734301486;54006.42085957462;55902.33106080352;56385.899920609336;54168.413747251536;59059.11964109862;53484.97958880208;58543.03015505338;53774.82782656842;57228.32386560652;59440.751200693434;57886.75811175125;55120.83831037258;55503.16436129651;54380.10621784839;55561.61765600133;55860.4994674856;55507.27609935533;57387.404295609806;55147.17516350547;56634.13895443952;55056.46177663492;57107.52223050824;55931.41426284979;55840.845641057684;55789.034144909296;55372.82886457205;55773.19151644285;54936.818023503045;58134.952020124685;56167.09273904748;55530.405104240876;55758.74059967848;56612.6836857608;56784.522805165885;54944.15764989882;55323.111501186315;54336.44616980117;57225.85889039878;54915.23598566045;55896.78310004696;56390.89355961945;55678.28538970793;55354.0060124149;57874.22310229646;56344.59999151286;57193.63326934298;54176.85713725448;56260.43068489437;55268.73082221003;56854.33489848551;55820.904151041395;58017.37250726539;55244.25782240671;58349.82060144459;53624.767685337334;56094.1971938251;54269.255067272556;55316.54300669274;56811.074061684754;59936.4599228829;56918.86006582839;54781.22477097241;55194.899898420175;54021.213068956335;55976.441784601084;54562.149895312745;55875.151620563534;55311.19766651474;54086.07431966686;54648.80182735607;54668.63123597535;53174.549011626536;56816.063303701376;55111.370482882216;56640.08843578258;55595.28266730707;57208.57420867628;55143.20363990922;53473.74844007667;54710.275354729616;54896.55346414448;57013.12336548706;56590.932726612635;56138.05876680848;55883.827233747616;57581.705373599776;56225.55215527482;53661.813135335215;54886.29797708706;55975.374984757786;56967.285831255984;56445.88422403548;54333.29923769705;55781.587623240535;56761.24677845024;55879.27452000604;55846.44293506953;55042.36854922269;54724.64403229472;53684.96177363653;55875.356018234;56037.46325613716;55834.24070567791;54711.21565680223;55562.22062023791;55948.88540752585;54480.03206260316;57669.14827997972;58190.8113852118;58088.39838786585;55742.251175453865;55215.0646483421;52569.95750746165;54595.46616687013;53210.97444388172;55679.24008481051;55105.44189015974;57541.23973054251;56331.5483683424;55609.70560530222;53364.02233547752;56212.950432483965;53423.266104981805;55973.75489529803;55501.94895743775;55980.39684734026;55684.98968463084;55000.52790276519;54923.40973781432;57024.16214631287;57278.88629438935;55410.92384504964;55420.26990851858;57042.29893394072;55446.7412233692;54585.73430199326;56331.51339363607;57044.87989348291;54855.66026530797;56694.021356192156;55245.12310887049;56155.172322965685;55191.735526472265;53591.35979578909;55239.579182509835;54397.33116004616;54517.2170806736;55708.73539408358;56754.31438356861;56633.68628099034;56915.41188135486;55386.55058950042;55301.322198835594;56237.586974394006;55318.92914934251;53685.45096369783;57923.45538651728;58570.36649411423;56966.029829638486;53324.69466125289;56319.77857239407;56883.24859192847;55122.01209561106;58992.69722698848;54306.08532672297;54650.67769752485;53655.99823268112;56015.31941023626;57641.12540082642;55214.10316617199;55916.254995464034;55254.361476843376;56661.79987243379;56558.52205030407;55769.166979552734;56073.20717402147;54210.72851176259;54719.46829847874;56448.24453921921;56608.64054172744;57308.27608549589;56098.63623458691;55688.72034898695;56548.138742556686;56631.794851523126;55838.45449209001;56874.13748969245;53343.866621723115;56344.0050071647;57490.24955954692;56831.60637462883;58469.64941151874;56928.76476200296;55973.81384925964;57459.70006372549;55497.77398753415;55133.6659568811;56108.133924010646;56846.22844070418;57217.11792699192;54701.267212743085;55378.31153855762;54748.16647034595;55589.93680832759;54427.957623664726;54307.708814656464;56784.73417162264;55220.554453147684;57499.259046837;54766.12962664584;55075.837119093034;55375.216197435184;58710.09170290702;56235.661860090506;57369.271363949425;56868.410617638976;56382.07337007068;57710.15983747371;55635.61017939218;56323.12002484995;57086.87871258241;57320.6713840072;55998.41609614408;57030.07447222016;55607.19061457784;57346.04529850419;56015.666478569;53613.44259172747;54695.80014057964;56287.749112937614;56643.67362163338;56859.22066280447;57065.62053783528;53587.345393577336;57709.05173019379;54398.17879683059;54055.81622921627;57272.864898843836;54652.95631744527;54555.18514026457;57010.801266320384;56521.12853484219;56624.45500925525;55854.56063045285;56748.697386217274;59720.711917717585;56741.460369427376;58250.104821484754;54118.58890677427;58401.519144011065;55357.27417770104;55429.51972762788;58135.87685826131;56102.47053532527;55904.157294119264;57646.002723616075;54630.84457736449;55685.19106582684;56592.311885239294;56284.19912060968;56043.25017135734;55617.26207714921;54612.581026878084;56788.28059535519;53784.331332446985;56624.95906664423;56976.003395793916;55763.430097037235;55923.1612838983;55652.25139238339;56955.39748655508;58020.006350723845;55799.90586610738;56126.67769728419;55136.0187507189;59065.4317193747;56199.84412282631;56910.04752998423;55570.8117143396;57435.12688975589;57606.31325441049;56537.113250051574;56324.83652647742;56173.64596203097;52745.50394765848;56937.74551581688;55025.66880622675;56414.045430098886;53777.97305111416;54115.74537080242;55433.78279106466;57858.48796056597;55487.75219257889;53445.6706083525;56367.77483092293;57806.8320775264;55698.25011820692;55806.32448778257;55981.69099447753;55596.55510227327;57792.126031773434;55353.283685064416;55030.56632864584;54413.214614188386;55721.037102746224;56290.97706870545;54774.459477296485;52907.51030993554;55740.9336701397;58509.42834304839;53436.27872831329;56074.80198690986;55171.36284197598;54995.97835445397;54238.6039945828;58201.463449994095;57878.53499745193;58810.575505794055;56319.85596619437;57131.7017176082;55874.833915754745;56450.991639054366;54107.28859512376;55374.86588905272;55105.31857955264;56277.54523861488;55643.30129362356;54673.3821211249;55369.01850293949;56410.43667099402;55838.88792071963;55341.68000656149;58369.38265124372;55267.33160517394;54655.5417012306;55833.579020397556;52773.902062039866;55905.77191256231;56890.53814609732;53588.292968206355;55190.36053702509;56112.67049855823;57496.004311679724;54514.70942750288;55681.529598790905;55980.64927772696;54617.24658774218;54742.1500344754;54074.702328144864;52643.76217299148;54972.498417492636;55538.52098678666;54053.53509443494;56920.15284556759;56008.71402078912;56077.50263320142;55896.511906718806;55239.43064363661;56349.69521655662;56574.30131915418;57104.571909274266;53881.78268358563;56027.75794098589;55743.771017391846;55115.97724858322;55250.039485423986;56297.14016888187;53979.18318439931;56896.359545510124;56995.673984166526;56856.68837033787;54673.966824733216;55717.90673793158;55215.74783801842;54497.409483060124;57647.785404110975;56475.189553786135;53711.890040012375;56531.10098356793;54461.439816459366;56277.89533919415;54131.960703773664;55027.32698566301;54196.80271838161;56033.3267832775;57039.15134055768;56629.75515474857;54486.367005438835;57282.96835000545;53359.42671539796;55755.73839697159;55358.14683638566;58431.68359276088;57048.761548844246;54333.55584212573;57322.979005478446;55377.619346519095;55688.069433455516;57474.292050020624;57051.068513773884;56450.25105019045;57968.46709034767;56117.74496012036;56287.62951962848;55701.70865996222;56531.14493485063;54992.4117104567;56565.42177577503;58087.692933132326;55561.90510386057;59010.86907913487;50.0;49857.30366368007;43734.07025839775;51272.67436634709;37484.75234701186;42127.43065775748;43906.252959350735;37032.635206820916;47859.35108604122;50393.24944150033;42824.49225603859;35561.4198097214;50036.9310377044;46127.30996596117;36185.13990992744;43259.62812552275;49117.17703194087;48556.065205020255;43171.920449241166;47109.931408220655;40996.60066088813;43801.08302952016;45900.15167404256;47427.7728994446;42180.44810856828;51160.370890294245;42640.96170016968;48810.7807617603;53027.2872341646;42893.355034103006;36098.36258702549;42492.48578826622;41942.34906276282;50296.24760563306;53323.06663944206;39530.06783458218;50917.36553209479;40632.34292858567;48756.920912252834;38965.32971596512;40596.89274783253;46454.640869829236;46480.49401608537;42089.84227143746;47433.27912556286;48325.28158185634;47943.64321938991;61370.82994468508;38602.246445685334;45404.10040480897;61269.51648327344;55519.7777061659;47010.53115160374;57918.90339442709;52748.72602076216;45391.23513943025;39314.16102310033;47140.78822843831;42769.307679532365;42727.924599839054;44785.48028163722;50182.948024844;53866.21699167253;39649.70877630713;47975.30592994896;52001.568830890945;48530.12917068244;49777.70259705863;50716.650656704944;55024.21498779219;58344.319956795225;53918.15193519043;53888.013492110804;49622.642498179295;37680.11270796264;55993.48460604054;42281.365178460175;45078.0698192183;49356.184292780985;39703.71266500632;52483.81897084497;45977.20702674555;46274.189583426756;38978.29031491639;43634.64232134985;52088.93848108119;47474.95352872864;47710.6821810557;57203.57366363082;51400.90898624541;46067.290050428;49823.70514576434;37964.80194099927;42142.15573584169;58045.89500006893;52906.655479055196;44476.33248390148;37104.588572981214;54132.455156749216;44198.90041883428;44691.21207221245;41430.42911887787;43236.33605230628;54933.92440894175;49311.08001091084;42896.595984254505;51865.64558960201;50406.90747067407;43266.53114633563;52738.900213544635;48749.31336409255;42729.30339704901;52653.75232434381;40189.15035337124;65009.33705884448;46149.80914720324;44539.8924162606;55652.23821647772;53700.59246196781;42973.220217357884;39839.23467565239;49063.82269703781;47734.202456635285;55092.45171439082;51535.19635908642;43562.660627705714;44819.16262433033;40057.18783684949;59469.472304420626;52428.31334872839;45040.90278997363;38473.4801818149;54072.4984242904;57593.34557611334;47891.79022427442;40947.69438827218;56058.32404409653;56121.0620749055;38398.38094710874;47947.383829465194;41916.50901810669;50777.74207351582;42536.83813497059;52725.28649967007;47812.725886303095;46830.936463796366;50819.6651810273;49317.35863471465;40266.87476077287;46084.6364769285;59967.629504975936;47764.980580385905;44252.89150198515;51840.75215993791;51090.541434701896;50710.87618204075;45076.82400158273;61841.43338983874;56289.173793675596;38592.13413817478;38141.731077199416;43290.46340748479;47401.33746420507;50865.225017192366;47234.13243822121;45659.78183377454;46282.482560588986;39918.672968426814;44410.7992492205;44204.39235007836;42346.95111027432;55198.49242316795;51038.63913238064;39033.203724717976;47994.02199443684;45276.422508672586;39857.90612505649;50572.54096291867;49677.68949390987;58543.72268084608;50775.90402985367;45632.39036101805;49216.07569604318;36897.428407008556;52586.06023582461;43753.80264107986;52504.910795975615;47013.77455747712;42876.4325404996;40143.323512531584;47004.033040682734;52375.79910952506;50510.95907123583;50835.63006204166;47289.2469527283;41941.38561050916;58012.991306446194;39151.57620796481;52683.21118409958;54310.68241742371;55318.956000257196;40015.93023071175;50405.79850529427;44414.232685385636;55031.06152628587;47646.38858928403;51315.08817082415;36572.52815320133;38817.50419636953;59425.21678100707;53342.71221011588;48145.420448287376;39591.90330005095;49467.345728530905;51916.48882617257;57008.2383467559;52589.853362256144;53793.06995812217;48314.01843638213;42349.17288903678;49374.832139909275;38062.96859374567;59105.210797493826;53963.63991390617;54176.27463314787;52171.12411103763;40660.680166107064;56887.13286022652;43600.82484840223;55240.68585105016;57865.7361807088;42578.56050652926;34559.03293625292;46717.513377692034;52145.045350552595;45850.87182821026;40016.83584874033;42700.840501961466;38080.2476048111;40286.80453410257;39552.89029689519;48697.42440351316;41225.78295455774;49748.234246704844;45638.66172696708;51435.95337278409;50594.462881504245;37705.84804406467;53280.07787643958;49168.72086985824;53702.415259127636;40612.2009218835;51148.50838997285;54675.88508574467;42271.50963878312;32936.57522961343;40254.37685533088;52786.18897040524;56183.188525164616;49715.24941278418;48674.49198800914;57244.79428587285;45193.60443137637;46926.28576322706;50991.356696063856;49210.54898447896;53122.871656342286;43286.381679725986;36675.605413970734;49842.157075356015;37424.16499295083;51464.561147385175;39397.1668195016;43152.90436341302;40886.860637262136;52909.44035059349;44943.92597223364;53620.49362414528;39263.64749289233;44095.88901697112;36870.54155979808;51817.36408832767;46309.332244324316;49232.661617798185;48418.56069066828;52237.308214992234;43400.273809025675;48431.27508809256;46092.68977473295;50751.25851669036;44152.307602734734;39098.324932543976;42112.69584792462;44494.59454839562;43011.2429258179;45643.9036600866;46411.96053185892;55022.92432652576;51718.03979155251;51244.41233416658;49024.23165592104;58176.119670395696;49894.53366580999;43055.50760631896;45797.75309231179;53248.855752039315;45608.740943960576;45415.69305373307;40490.63179077112;51553.981007719296;46617.68738262032;51073.64563989816;52674.129554506384;50923.01335508424;57931.72143209805;52417.37554394582;46464.6042377217;55536.83356117172;42648.89542958372;42306.984148578165;45209.50115984997;39911.029443160536;45301.52728884604;40633.81461045589;44805.528078288786;38726.59902190312;52719.014761551436;37265.072037748934;51296.87728970686;50453.24350241576;47891.07564636451;34656.62147228944;44257.282491846905;51442.157717768;49075.847295225314;44643.15002029936;48936.525677794314;55714.192291306514;46290.67444948223;40858.3731386313;54726.330571560975;44159.469879179465;37959.816283751206;42558.376359512506;47642.53333028264;48551.60481896232;41520.808649062375;52705.85463265785;57330.76262763628;43594.59602564026;55444.62510522097;46160.236782676846;50740.81291642186;49332.14013070121;51719.35578535665;44805.475433397245;51996.008344847156;49443.64450186781;44401.53986780527;45254.61670680722;45693.13294250931;40043.019328046015;38762.339572207966;45617.379300611065;39387.586219679135;53138.71260806663;50679.84433354528;33418.45226203304;45470.5732893142;46463.98142964804;36492.08547387856;37438.1730131583;52964.11633386451;46066.337830043005;47846.70567930583;47068.459639769455;45926.7804582637;39785.9565900994;38080.70724741752;43312.244772203085;46032.23686683778;45352.85752946437;47932.09730527122;48823.29073074751;48321.70181987352;43350.43587715981;47066.59025667787;57925.05695399812;47294.83566245624;55501.017458882685;51265.36057155868;49295.482831155634;49319.40425591047;51455.376555796436;56142.42740204028;53646.858587675684;47092.561026188865;53048.34128982383;45700.484659560585;49342.94900532341;44043.85171272509;62133.20340832365;65435.250113375165;40484.55593246163;60634.24816454594;47496.77933808777;50663.88814521834;45577.24729945128;51628.52815889857;61051.95273847022;44107.57788010335;38692.41389679344;42196.305616382844;40189.16458863023;57917.58082007735;47601.39150425485;43716.83981308271;40723.352704606536;43891.411206122815;50626.401984627635;42106.55956683806;43097.04052825433;60516.456817123835;49628.693926262655;48717.709719869716;52508.66068160033;53074.972013253624;42276.92577919127;35063.66770018984;52657.624504517225;53074.77999961071;49395.21432011144;46164.34764165356;55676.33696669906;54830.49227722443;56816.87958739791;44113.319751492185;43272.69270964355;55871.50764158288;43444.04517998133;50519.67153108408;49324.965106713615;47964.651131324914;42955.38759518498;48649.49926939671;46693.56742425432;45275.58491784388;53490.45396829565;60524.76964004088;46008.32060845966;49368.61866666794;59448.75820735697;47907.48905083001;44492.68797221324;56534.33839481349;52466.296844347686;46975.60543389801;43395.55908676029;45085.63732230493;48533.3952071499;47388.96097591607;48591.772926153884;36630.124666258016;53675.488798050916;40268.134647665465;51919.088213813826;45612.02125400496;42125.87710134918;50306.74270941422;34163.697844776136;45876.15569560307;43721.08208649873;44723.22991112993;49689.84002204285;39921.96371427832;46383.368336712454;43469.79365976906;51533.39550783519;47416.96872836722;52858.17431801415;56926.35039778277;57461.849561480994;47989.61747544751;47523.82526831326;48092.13848769332;47175.63074197112;51974.94833085873;49502.47905647762;45474.62277237602;48481.30475296683;46098.03203044979;61943.06462805993;50811.3116277051;30386.782352022306;42872.223051293455;43972.20130023103;42427.81128112395;32605.04855711791;53850.301130251035;47057.72104880647;44724.4807382579;50;37705.70607158205;42435.890524342365;45856.7221454291;36746.04071606344;40657.3585861044;31239.80923121279;44932.18151457274;50348.34404938832;39450.547146362354;43231.50031144085;36190.41534816232;45488.01128369921;37291.68125546708;45364.78081975108;48065.30904847562;33138.415333533725;44088.79057636252;50747.28902470192;45375.3289371738;49572.961818061856;38868.892207501165;33079.372617844616;39919.096164411116;43409.73315357829;39174.470083436434;46241.35636959501;38664.41695348735;46500.14884913847;43433.30485767397;47402.78235334418;49305.82489668221;44728.491171977774;42356.06165225555;45877.08056291777;42202.383587549455;34394.79505289228;42276.954077406604;40830.1544814148;43701.474167231296;33238.756665482855;43375.79367207556;41677.64505840912;45692.686163601495;34480.656723480395;42682.64569216945;49064.330835565306;49400.161528679055;39585.21956980176;42076.99022636065;39510.87118315184;39951.0476188183;48250.74751114374;45163.411041877785;44990.651620560966;39954.678349455;40155.8638756044;45663.09648151297;50069.043898229225;48976.360016733845;43240.33807073314;43015.50141940397;45672.577401150666;44621.34857509257;39125.06527753815;47304.34575356533;49458.409520473884;40788.54361195828;49353.368135308796;38085.21136417931;41290.26048606826;39475.54849472296;47543.63584153376;46201.09181299494;46143.791966299315;40242.99115898132;51836.41329565769;32972.25808336606;39776.17980948245;47038.166601701865;40873.23596792357;44211.51176496928;47699.79619310417;45551.85893570582;38588.23196128359;40681.669431074246;50539.52346331051;35584.56889683982;41135.02201486022;43991.58941355023;36414.28886069608;44541.35344047159;42982.61693453656;46386.62446930938;44262.20960346458;41922.06642400503;49197.90736485938;41675.15550816363;42235.525819127615;42793.32926326776;31704.91850155949;46748.63113694935;43188.33981687798;43030.65075464346;36294.68968989758;44513.46433773999;45792.695324673965;41468.46639843491;44474.88049715123;44306.09952116788;40688.773963862135;36640.30216841948;40691.231603194174;47667.20706287667;37153.89275989449;34107.59077244638;41500.539411347185;38939.01817978931;46503.30417898148;33336.2614701152;44981.756434631534;48994.96668441103;46289.38260775679;35554.44465444879;46489.54028125042;43032.058314019225;47563.78389406707;35764.396866868665;38643.79478739848;39358.94381930707;40177.06549772793;44436.26928804951;48605.47514945663;39694.91193374284;45039.85537245797;42979.32226837733;46926.43118492499;44656.466238496585;43358.66118059812;37432.501469735966;40728.7462193666;43905.529561506206;45098.81474617662;37035.0067111379;51569.057730586086;48251.489133816336;43769.26307919712;35946.70075814215;48837.302322591364;47991.97223143726;40933.46571685174;36938.956890543304;48659.79552814811;31806.51764165204;51327.48218804356;53720.19889867278;36020.49385213585;35228.86523080554;39180.608606985305;41678.24009768215;40017.11116137417;47192.32136690749;45361.93009452461;40647.29185090301;42502.16605844038;43054.519411492845;40556.42882989558;43503.4213522065;42119.704343806894;42281.37762832939;44428.74912461612;40582.976564287696;34132.621081537145;40443.60747482018;44415.673181863065;43158.20035917113;41159.17270595928;42948.85859217653;43148.572719259464;47088.19656754119;42458.224053276455;41335.40610414995;48323.258185619736;35791.32132954274;44320.264760483304;49460.654948204035;42622.50194531372;53341.81716532238;44905.648041822686;34890.197483722775;38905.308393923566;39601.441505769464;41322.633515102614;37386.86893535288;50153.6408414687;40470.728206522384;51218.871383251;42929.029189294866;52422.40862080251;46657.26120702843;45044.91182533504;42829.115076007634;59894.83148702735;40424.112419697994;39818.91097059267;38501.8159780703;43953.503250432586;36420.909740003684;41318.2129056143;44485.45480344371;42982.53115573601;44118.48461446923;47404.34245658502;42906.85505804946;36082.480312748274;38590.754195717185;44819.284393385526;45047.28869724652;39004.31563369859;51808.546637617714;42358.80122226841;47589.61665800536;41740.396068425296;53433.39197126701;39159.47372675102;48102.9372572504;43779.684870015226;38647.900050883014;46385.513660300254;49185.62372501909;48934.82273440861;41090.721591587986;45591.18938298295;44801.14807690476;54958.80485099561;41760.52241433296;40040.99576585727;35514.709644605064;47415.14773138296;36714.42662051357;42726.07072024286;44234.50628422053;34788.107952958446;45627.838268191306;41826.86498508736;38516.204322399324;48588.31810549552;41175.634403871714;38211.8774562782;41126.56416656848;42097.26461979625;49688.788301736815;46220.895295506816;47325.06017410676;41719.86898254098;44206.521961324885;33753.47689818728;46212.74852644033;42518.104765722885;42386.234374299886;48265.72065380426;38738.933125219904;49262.834717603466;44723.529890655824;48126.52219824622;33909.029285491924;34634.397510241804;45852.568768280165;37893.92970737956;41637.43807325626;43499.933493639626;45894.622411476295;40190.3606615852;42583.384632973546;38335.127641675324;41792.951058842365;32512.42405892112;44701.59828535838;42338.7795778806;37675.07340154767;44613.35697063199;39269.59389298069;40604.868252211556;38647.70122096851;38456.21360952846;41860.53387654332;43224.9262348226;51421.95064474905;41475.80563389232;55092.73801474038;37324.31080423411;49881.43579181449;44935.76493594988;39014.96376349742;37934.84947795396;38366.81409883506;42072.47102145602;48150.31733737906;39262.374147086164;38392.9853555796;34929.80544433312;40302.18233862847;43812.55017276874;37686.41026983889;39780.18113281836;44864.03891646635;41306.17641404127;50268.56610088701;38772.13455889461;43775.37570186084;37420.91644035135;43004.49701141403;41195.94907935295;43963.42188953063;51760.44360389371;36532.53630873173;42663.52042822877;37188.04145147793;43815.18848768732;35199.75644230744;37450.23873947018;46431.57952585466;46756.04097853914;40459.628539382655;47589.199034221434;50500.78225674928;40375.889109734904;44671.1171218941;35930.5786374225;42600.68477347268;46853.72432741987;41482.15059680912;40809.040605566035;46331.88761377237;46358.928533352126;43043.72927435192;37235.21878223708;46542.57570728412;39971.55897516053;46441.10734527808;42540.73359948599;45686.25689023535;51119.79487267736;46401.353266494596;41318.013144485136;36104.17111212447;46824.979455001434;48741.488692668674;46484.777266869336;34613.74927567127;41823.979114310976;40328.985536683664;41948.167517989576;39545.406527762316;39924.972299774236;40508.101847401376;45831.649752867736;40964.907204809344;41721.35443691422;52273.0891572493;45065.39809866075;41797.4737674287;39395.34169192042;38522.759179590226;42779.53865239357;34583.34508946667;30305.364934658162;44041.65603850527;39539.553657657605;52167.15556444591;42908.5741176578;37274.32898409503;39456.28661679168;43438.96589671739;38620.06996550071;44852.274399590526;42221.5658405233;41363.131453629314;41557.57520560772;39268.659404120466;41048.99950962925;39906.21705461667;47116.269030267315;46921.15084363914;35779.615494777165;48143.23239566575;33424.17432775798;49483.56775426403;46373.49837313073;40454.44486526428;42165.44141784104;49162.24778541176;45068.10727420124;47308.61643156848;47496.40852444785;44773.74408836837;39040.77316234474;48569.28970409661;46880.5379311171;42547.29816763676;51174.38707390698;34873.678507265344;44739.89852916205;38628.60818238878;35599.927580612966;44024.77090839241;42804.513842740686;39240.18781805738;45995.669168558066;38299.57523699793;46240.108401986865;40058.556479597566;45968.183555397474;41570.771160457705;34206.33401751904;42810.6037492107;36145.29139234202;39769.958641702106;38233.29650168048;43211.09640238833;49233.752768875616;49524.8536530108;40625.395649768274;49663.64585444091;40759.8637693368;43398.6705192527;43636.899316307616;42174.51076268591;48782.652193994276;38462.584924502655;41105.942212910304;40722.985225231896;44286.722073536446;49280.40677305592;47221.98721069514;34787.356913728865;45532.09857778045;47924.641293144414;39512.60229641734;39334.6299985099;47254.66478786231;49030.62018678993;47665.27659603835;47396.671551237305;48464.44427697801;38133.57865816976;40785.101613292405;37931.127327634174;41361.430183657496;40863.381187406114;41278.852439492664;45651.23566415369;41310.35090674978;36258.10090509878;39719.098725293465;46641.99319151697;36065.65131128828;45460.85026094799;41667.77715513585;38761.908188440495;43592.61979382976;38735.74634280083;40456.01049346032;33563.63318862028;46756.92543898179;46290.553240315596;39242.540391537215;43245.0939066033;44044.94174316619;42365.020504290515;39092.642819701316;51813.47041850488;43412.846492291486;36187.33822956022;43217.894938061145;36269.4536698178;50827.083372149784;40560.289917120965;40639.76914068621;43327.10589122558;41026.438836238274;44848.80517037043;49051.22386467536;35968.25373246396;38918.453649993775;37680.10443210717;43303.81547368109;38223.00369773889;40320.599097868166;42671.87117748542;47835.44684041992;50103.874420033055;48347.7289808775;39910.310133593484;46813.853578293805;43734.88321936705;46664.41469870415;55145.45480513152;34876.44592868663;34371.89544834508;53132.95599650863;50;49315.426385135244;54667.13352122624;54435.41513785214;52906.592539248064;44778.37825588763;59239.65750915197;60291.177080783615;38858.13352940794;48009.766955649335;49138.48570567268;59425.60024001638;48047.15236801613;49294.22051326824;44929.687309329005;49213.97467076237;52325.23911588583;45097.892505016964;47498.95620443372;50116.1592874363;55150.41901324824;39528.67640199524;46909.54336901871;53506.443248017844;47595.946154055986;58108.389322746494;39836.763438710805;51696.56324217773;48562.815804595615;50539.34204099031;46508.463980075394;49556.486395585496;53377.11136812771;42818.42262006669;47909.98107652394;47467.98158313528;55815.60306787835;44282.77608309257;65217.04570089001;47062.95752453206;41239.38638616074;46877.86919106697;50453.005964161835;48651.388232930214;49722.74098990887;50549.88655453507;46670.268731221135;45690.35490736583;60303.12483702644;44532.22374799115;44934.26765196165;37650.47106977885;55903.33564567613;50206.718889018244;49056.81648905559;47494.14202247003;51946.97384486981;50244.056431321005;49441.11617012369;47322.10492634741;40463.28473095231;63068.33884649484;49442.542239738985;48270.14063786513;48475.50076946085;57924.54386407662;46420.58442284168;54403.86499429859;46460.997231967965;52052.152873251536;48757.99073358722;54074.44748486557;42811.46993912781;46640.90802526794;44727.26650062492;47558.33958637419;50344.13171413002;55601.053297484454;56016.28673001138;53743.76353026095;41914.54350653219;50451.996933032;57212.08870494532;55884.08184300878;56250.78088079266;46996.76471095809;51412.14071464146;49229.99138096127;43217.99993591223;61561.469131338476;45468.568426060214;57004.571929171376;47612.95925538165;56467.834326876036;50915.97271871822;54820.15889170476;49637.20755262335;49839.83316117162;48558.27265519059;51661.272925775476;52787.490700851835;38890.632264263375;51522.20042741048;56694.297823285335;42112.646643372565;41252.82618018627;40750.39569226308;45128.301839379215;53776.460838085964;55133.930276239786;45794.96785677814;38355.57348500345;51055.99106000541;45034.16974741514;49846.76375462287;46547.99506469104;53433.48612904683;44507.271489343046;56021.270041591415;55455.15576569582;55009.46057053984;53839.413144881364;52702.39167360016;38578.25671982502;51618.33149347395;58018.529764262224;55710.52027354;51165.063720430124;53206.85098260161;51729.58532011735;50724.36607032905;53581.09191897014;54072.63292357079;50788.35202485501;47850.02312817208;51066.27821833163;53318.880167801886;52399.87724305681;57534.23119026424;50376.41129227538;48641.97461598102;54729.11035929496;48674.703570990285;54823.694837503535;49654.62836111333;50688.727261996464;44603.58701997263;46841.055267951604;48124.834352475176;48385.035696374805;44923.18527404917;62706.72769734451;61384.518617075664;55118.9870995473;52776.78000593085;56345.567627748096;38305.37694231248;52489.12315441787;51009.79290517435;45415.41423838031;42587.11770410432;53391.07813312211;40020.83307541264;52011.36720515287;47361.79267760206;59471.66201452642;42930.45273109477;56816.11878828388;61131.14490712383;50591.450284964034;49269.54141293506;46632.45860321382;45443.46340230877;45288.04032944582;45184.69806083616;54798.98423427607;52692.46356472892;57457.2965680675;50784.39056585281;43430.38615106631;53018.88994375583;39221.286737789625;45844.133244333796;43724.18098503467;53582.03157471467;39336.399816404;44705.28779490552;54254.23481969813;47812.46543866535;58631.22554207621;46098.29146980358;42882.79327941839;43889.13499326601;41248.525115813216;49587.99205938727;56445.92517443176;48699.72156237009;60940.2173345058;49659.196232607705;52847.98772071226;55380.97079056506;45151.162921516436;54721.94836370532;54783.08589334223;50142.55844243379;49245.730824019454;45382.93545187905;49744.11847656504;53932.264188891895;47743.32919887535;49577.74026991199;57519.25823989912;54030.61744453662;61598.605335115935;49559.13069896011;42718.605195669734;38845.91714623638;50974.55180952634;60056.399498218656;48900.99284055449;55332.726318142246;53595.12739042794;49521.58604732563;45271.8531736421;48717.460190463935;46743.50252467855;37683.60642725362;45287.9420864536;49363.62498881359;52013.46817594284;43526.71359152629;46199.13520824738;51277.610956744014;51860.8304673824;52513.544745900566;45833.45590778597;55750.703305622956;54013.81050639696;51763.95404011357;50715.744560952204;52982.313151655086;52466.991062881054;51637.7591660825;55815.019706522304;45293.77718662618;49197.378017831405;51947.93442961666;52191.71011658621;42763.964146154685;47114.23018040996;46082.33540906809;55297.220738993004;52456.4940433907;58876.31301480593;45216.20087347673;52073.46547610153;54888.02834512223;61091.676609167545;50072.247908291865;46168.63640477898;47803.64012038444;46127.13639336426;51451.658062825394;50950.465035065485;57229.37701875335;50313.84260522685;56202.23928673637;54546.10337470926;56674.32216321521;62006.97380543539;51537.25658724336;56880.47301216434;51095.98396245741;49820.65527554422;47117.4263090977;44560.06399501948;48590.370663384696;59352.353428521485;51588.40410498728;54519.67952605705;46535.195203174095;44948.3260011879;49942.55984195561;58627.37624446799;52698.40193696479;55329.051232683654;66238.76377135963;52820.419840608294;46758.17647125659;43273.07355029403;50609.089503309275;45918.030235853985;49275.373889193914;42186.06747601448;43729.99896381248;38320.978509176224;42680.16928640063;49530.38395862638;51963.495011731065;49985.5073801442;53758.83104642609;64407.67023364604;48220.010088302326;55174.117759035486;45878.10242932948;45105.37095038656;48577.170487851654;48249.633710177695;52806.13398105002;51569.41498183139;38000.33161016843;45464.4446659125;46898.40390459668;43687.89524028872;51862.16756573507;49025.27357575791;53829.48290093671;47014.60716547737;43170.34106486707;54585.59538941751;54364.261200711415;48851.815897672284;53087.889379097214;44909.469483418536;51271.54107048277;50161.96033233943;44052.40956642684;52068.36353254113;46015.145239335136;52148.3815137021;53833.63970325389;44076.79999193509;59447.70904491408;43455.31680821418;43286.66451880746;51061.902193775975;46239.05164786356;46635.369051753565;53216.56873915303;54001.19072642669;64349.722504017824;50616.719346329744;44584.42895298134;48476.070119641365;33856.429480184954;60876.949460437194;57397.604435529414;50478.40115323929;52040.55035121148;40572.19522031299;50421.0847408972;45951.54688477251;48840.1033343532;48269.973561122;56688.739731706366;49415.89162449093;60504.35675837524;62025.087469851474;45027.256089747694;45649.24350296551;52661.42787246002;47601.95323355241;57670.2906216178;58183.60165550487;50018.381003722185;48787.66461749632;47828.26839919528;45223.506367833616;51244.61664167757;55141.50057871903;50920.79919261343;46484.849565621415;46220.29294106148;44997.994199314286;57005.527253401466;49242.36789442559;50290.32020537251;57805.46504747704;52555.371198778244;42174.63956308669;46453.028913352464;36130.94824382847;53358.39406443799;49773.74353239573;53183.5938522589;66902.42143857901;56009.10640746323;53243.89678508189;42533.53076335853;53585.6330389012;46882.25298449627;43314.29953872885;54716.56453122022;61435.17331276023;56659.4008926695;58061.076712488524;46660.870224137136;56712.14612339332;55536.23783261603;55251.68328352364;56952.26828625665;48657.83986524159;47275.66427056392;38123.751614079316;39996.16571062647;51149.72526692496;44031.41164157816;39280.85327817886;54677.33254175458;43943.92722241383;43772.15389212454;39235.40508131207;59282.32116671429;46798.29278628915;42559.08089809696;40629.181910646315;54468.65037143929;51199.60010639347;48596.95199303249;65871.61834106098;50993.79795998153;61730.790961521925;53413.0474411753;59637.72555573692;48890.99005014473;49651.646717690215;57822.634328464424;50390.32424562027;50333.125380611316;44475.47788023994;50918.106889279385;48444.296324771276;41230.38900323023;57379.01312254339;50418.760455821975;46983.998100374665;46593.14746191538;49447.71110424271;57017.39015829973;54836.47397900429;49297.05807432515;57746.04520954018;56231.332917797365;50541.5872140917;53113.47498257184;56391.611100570575;54442.4295392513;50691.379793869266;53513.0533722939;48859.01295509458;53227.903341272206;46569.44261184097;49706.892126164435;50458.36036345272;45145.26425677557;46548.628534104544;53291.90524503913;49377.914740068496;53221.19916729921;49768.8073452751;55914.50427265831;57501.877095733405;56637.894678199336;50575.02556805304;44830.97067781671;51885.63734092627;45655.908347521814;47967.41385199873;57574.94717897794;53063.37387635626;44794.57038365195;45740.71439305341;55820.23790092302;43621.903391096814;63817.991284807904;53570.04021257248;55843.51069374121;53439.02433242669;40436.323685892814;52789.4341598;45317.71078984994;53896.461681585235;52026.40982014488;49753.52719303434;52279.104433231885;33923.743968933566;40978.81213222708;46094.05668573501;53706.563865885255;48728.515343886436;58685.016822233396;50291.235273462284;57157.402524057274;55512.762959973465;51249.367924634236;57546.7553302765;55744.28255434316;50724.46502112565;53036.854031298935;51469.92273486591;48695.60586650899;50.0;46440.13507005938;44288.18515788043;50988.339597124446;44551.63281605729;52938.857584662146;48674.64074974502;48159.373562826535;49402.50341239082;50082.140423687284;50713.68335466601;45827.52127783757;42011.98507475278;51166.57269789022;48840.624677043226;51764.838203509455;47175.078706476175;52060.55601553098;45991.05480658983;45606.03162588172;46163.767364965584;44912.11018500649;49061.545044442966;46340.23429819994;47316.05280070625;45638.60537453286;44545.516814911396;51644.671662227694;49772.000711616296;50333.299429408136;48648.11171914932;49618.603999725296;51651.31961551081;49992.301308369344;46165.45225588251;46179.999643571326;49748.232900753064;52176.14759925236;48898.274944289835;45912.18825085381;49216.46595055547;47595.846173615166;46346.25869455237;51435.979834668164;51354.537011905704;50546.97536701001;48813.75479762015;47388.00081717672;47892.329402381976;49929.00366985209;49028.56024954612;46082.75662511586;45825.61853932347;53553.145736326594;51756.20510810293;44859.553651493516;47805.05227304025;50610.09626183055;46262.37426735903;46122.35766106873;47453.039745875;51212.57369403866;46724.68488103805;45821.9462610119;47980.51587266872;45976.90283078088;50359.017130492764;51694.23152735329;50454.85422515977;51486.59049191084;46220.0481609575;48677.06968189492;48972.51211437714;46601.73341749287;46461.19597401006;49069.56291994128;46035.891919927664;48870.49170592101;48059.909760608665;48113.41446859745;44741.34183521829;50432.1624615887;49069.714534221785;44293.351342868045;56969.84242318968;48726.70196583164;47086.33286706951;49086.2295622669;46620.46455098874;46950.45732570949;48523.541889193795;48157.646090665614;46781.99354931632;46431.356915265664;49836.025191528825;47604.83675348758;47766.0474674551;46931.27309827406;43764.603108915886;51812.474495808514;47534.357571346736;46360.899145304254;46323.21075429248;49092.99073839028;51289.05819466751;45407.22356330782;53459.49487174538;47211.67081745481;46787.43956199974;50777.906290307685;48656.233255259016;50294.271773767825;49435.47222477992;48876.06092018701;45916.72987179273;48382.076781346135;47348.687337858966;44094.988256134486;50246.35533283801;44433.26864569;43619.809637687365;46498.73330412006;47103.646273376195;47032.34212770677;49325.61846532389;46251.565708919945;44412.85236041957;48786.85200867406;51287.36967207657;49170.697000634675;49650.25042060912;44257.93868682014;51813.04141505085;50324.178163858465;47644.40387997072;50028.8974953393;51755.586804882616;44820.83710525568;47404.168082081036;48574.48413795802;50887.384537397775;48863.259909426095;47116.54147597231;41921.210606725566;47170.23540216955;46404.728639773515;52949.00186207764;50345.8706894664;46602.38124991478;47263.33483021334;49662.90486281679;46205.3950728819;52029.28941247244;47236.98100400075;48656.244432082305;45016.88529046701;47181.507883300204;51536.101980640866;47455.38205534762;43004.20913950118;48293.99909927132;48863.80388528073;48855.59873970985;50350.418075065085;45992.277885361065;45831.7473495832;47483.542192322224;45787.68547680041;48740.67127499392;45288.23215330252;50144.19959602206;42698.70092997144;47998.20908979307;42620.72729301264;43057.86096338777;49512.47895402791;49253.90691450085;47728.49824942138;48410.02638471797;50431.81036810564;46816.31098751987;47694.82701454587;47836.935513431534;45997.7066671039;46239.93488196173;47268.58502274651;53701.56072012709;46559.02002764588;51145.728598024645;45708.05995262437;50013.07734810159;49767.57102844818;52901.4569612352;50174.59764545533;50430.38669945829;47388.23641744856;46555.70071842276;50769.90263593841;50068.32961907892;45635.548785478604;45570.27942097562;46393.917053940146;49163.183371486026;46402.64421546842;48122.800396081686;46581.627207399724;47396.84247068388;44833.53869498186;49141.221590797555;50698.412225900705;45370.818658672724;49367.63657252588;50581.9519554196;43029.14074068246;47188.81046769911;45883.80629479919;50621.872021631185;48395.417813138134;46193.93512599461;45949.35795052972;42358.53012273398;46954.165098225996;46455.95159798475;47745.83049319471;47890.485252357736;46590.45331584537;43936.0751664727;45475.19678872497;48372.373222567614;46901.630407429286;43127.754804820375;45438.218861364934;49511.346130946484;44567.58127162443;49244.61992744488;44834.49464613889;52688.11125910286;46072.6519755686;46397.563284562304;44493.29093594201;48904.969953738895;47738.91608864842;46988.56524552406;51272.43680620541;48514.55199015078;47826.34506316957;47672.691667678206;43265.634551399;49104.94893565378;49168.252580143206;47327.44656480543;47943.85000386025;49970.226920550784;48053.096330622284;45235.83547263865;42764.40463579565;45041.80159021504;46346.131666098605;49962.96063178651;50112.11484005682;51100.25204950394;48214.68722665191;52163.306279826706;47199.60943732294;48284.34702927119;47934.77797029201;49942.479421790566;48834.651297402685;50762.84065671758;51286.130210872616;42088.43282937097;50583.76167565405;47644.82190680395;49662.072268269054;48176.39681177579;39866.04469231935;47543.74417852216;48258.05994765672;47449.941125625584;52463.982287137136;47777.41348024399;46477.962867397626;49407.54094529604;44773.46976360549;48402.56697680097;47663.235434176844;44385.08483573861;47015.86428574264;46204.56092647915;52256.028584881096;48745.55740468817;49711.72440726328;48773.94089978809;48041.89976921021;54376.53960554273;48837.93073207193;43864.22191970592;50817.146109874455;46758.1260255417;46414.22117824047;51028.23850338741;50556.918628040985;44458.934833317784;41751.25608956192;49383.794613775506;47555.19139832666;47907.52201612896;49068.99850606181;48781.201363008724;45181.45153498284;52296.330566011326;50882.79218136278;47047.74214557663;46062.225720876515;48322.884652761604;46149.402763729035;46653.91423276706;45334.90589806845;46439.12693337339;44980.17209507836;45286.33721745195;49713.768601775475;46596.705332927384;49353.731203135205;45640.449553520186;47695.324695094816;44966.199814262414;46189.587278880754;44152.718816932276;45441.59037453821;50494.62597965125;49070.443334616975;49783.29769529753;50403.41007502205;44821.12947463576;45151.1415636648;50409.396412736736;47670.60313583083;44620.808734655555;48666.454243657565;43305.69834304087;48450.81432722452;48079.842828917805;47350.5983997228;45570.07862529403;49070.667461395264;50300.63395807578;48985.95037342206;48990.66370951993;51220.66986643626;50897.31530004825;48040.72349938952;49446.291960773655;47669.83070780306;50091.6804699345;43080.69496829108;51207.776598110264;49543.45783032374;49585.372962955626;48813.296653474026;50625.31456655837;51381.78175324086;49221.116645135284;53695.52268240216;47917.7091316171;52195.11537154722;52511.707246760736;46871.45151176825;44766.101909879406;50025.4544422231;51714.800355722415;47640.2073666272;51504.352901928825;50265.83604531203;43648.486194092584;53292.56889537409;47626.155420900315;48029.52754539254;45836.908632959945;50137.95427382892;44530.03655514029;45593.718676214296;52590.207486308944;44413.735811955085;53366.04708969637;46233.81396933625;44379.602440603914;49587.183583296144;48507.691292251286;42361.12327604667;49183.92348413568;45718.21427865898;48799.50675011222;49693.69420575535;45676.16560159088;47417.38447744335;44380.3631925782;48987.84502657358;50721.56764005283;48412.883973024065;48253.35806346903;53063.48464183493;51069.830835385736;48263.97186208452;47126.508861031514;47223.95466598257;48390.79995312813;52527.042909471835;50107.84534706088;49728.27387706934;48949.00610637707;47410.156857318;48244.60126881418;49553.03992628081;44224.901130875995;47855.2435634033;45923.25859634094;48494.22568163443;51022.70558527748;49379.38228278849;46280.57829306972;48229.99800468041;47545.857831790956;47998.958202225185;47911.66250588953;46195.04205611664;50155.413384903084;45675.305980005;44463.06676409877;53992.223320380195;47443.824460532305;46164.271575328865;47052.86785681048;48397.36026094649;48394.55053368134;46894.66942637858;50381.86464582017;48204.91937270543;43069.89051930263;47849.66063059131;48161.66167102193;47660.3365572178;47663.60564435142;48315.318371286536;52314.97994668358;48800.66613946578;50653.989541479765;46625.61731969382;47888.415716568095;51415.45447036373;49726.668240454914;46123.79552096077;47717.69302408197;46710.100204491995;47346.866494977374;47164.93618049002;43531.19667288391;45158.52770164988;44713.0836177213;46745.00239943505;46880.63452058588;45766.30672960943;44708.66238990147;51641.886698865565;49111.996556401195;49233.209647401745;46494.7995913559;48750.06189305789;45715.928306520655;51462.31911081931;50563.29298448115;51857.452828682646;49566.850551915915;43654.758933816716;48190.86927830411;45969.5283839148;46694.570477721776;45254.82586295047;51296.2296485046;44717.24278620192;48553.0297167634;48951.31560427745;45937.46004208038;44034.690325759686;45731.288863935144;45960.32453470993;47430.679501842336;47268.041463577785;46491.56628825783;51516.64433620399;48810.37951735934;50171.75685537329;48120.16116787342;48385.24146149506;50610.1355354168;50442.8899154192;53825.63300878376;44538.97319838783;47851.14458071006;45337.95040514207;47217.93395786472;60.0;50547.293894433635;50547.293894433635;50547.293894433635;50547.293894433635;50547.293894433635;50547.293894433635;50547.293894433635;50547.293894433635;50547.293894433635;50547.293894433635;50547.293894433635;50547.293894433635;50547.293894433635;50547.293894433635;50547.293894433635;50547.293894433635;50547.293894433635;50547.293894433635;50547.293894433635;50547.293894433635;50547.293894433635;50547.293894433635;50547.293894433635;50547.293894433635;50547.293894433635;50547.293894433635;50547.293894433635;50547.293894433635;50547.293894433635;50547.293894433635;50547.293894433635;50547.293894433635;50547.293894433635;50547.293894433635;50547.293894433635;50547.293894433635;50547.293894433635;50547.293894433635;50547.293894433635;50547.293894433635;50547.293894433635;50547.293894433635;50547.293894433635;50547.293894433635;50547.293894433635;50547.293894433635;50547.293894433635;50547.293894433635;50547.293894433635;50547.293894433635;50547.293894433635;50547.293894433635;50547.293894433635;50547.293894433635;50547.293894433635;50547.293894433635;50547.293894433635;50547.293894433635;50547.293894433635;50547.293894433635;50547.293894433635;50547.293894433635;50547.293894433635;50547.293894433635;50547.293894433635;50547.293894433635;50547.293894433635;50547.293894433635;50547.293894433635;50547.293894433635;50547.293894433635;50547.293894433635;50547.293894433635;50547.293894433635;50547.293894433635;50547.293894433635;50547.293894433635;50547.293894433635;50547.293894433635;50547.293894433635;50547.293894433635;50547.293894433635;50547.293894433635;50547.293894433635;50547.293894433635;50547.293894433635;50547.293894433635;50547.293894433635;50547.293894433635;50547.293894433635;50547.293894433635;50547.293894433635;50547.293894433635;50547.293894433635;50547.293894433635;50547.293894433635;50547.293894433635;50547.293894433635;50547.293894433635;50547.293894433635;50547.293894433635;50547.293894433635;50547.293894433635;50547.293894433635;50547.293894433635;50547.293894433635;50547.293894433635;50547.293894433635;50547.293894433635;50547.293894433635;50547.293894433635;50547.293894433635;50547.293894433635;50547.293894433635;50547.293894433635;50547.293894433635;50547.293894433635;50547.293894433635;50547.293894433635;50547.293894433635;50547.293894433635;50547.293894433635;50547.293894433635;50547.293894433635;50547.293894433635;50547.293894433635;50547.293894433635;50547.293894433635;50547.293894433635;50547.293894433635;50547.293894433635;50547.293894433635;50547.293894433635;50547.293894433635;50547.293894433635;50547.293894433635;50547.293894433635;50547.293894433635;50547.293894433635;50547.293894433635;50547.293894433635;50547.293894433635;50547.293894433635;50547.293894433635;50547.293894433635;50547.293894433635;50547.293894433635;50547.293894433635;50547.293894433635;50547.293894433635;50547.293894433635;50547.293894433635;50547.293894433635;50547.293894433635;50547.293894433635;50547.293894433635;50547.293894433635;50547.293894433635;50547.293894433635;50547.293894433635;50547.293894433635;50547.293894433635;50547.293894433635;50547.293894433635;50547.293894433635;50547.293894433635;50547.293894433635;50547.293894433635;50547.293894433635;50547.293894433635;50547.293894433635;50547.293894433635;50547.293894433635;50547.293894433635;50547.293894433635;50547.293894433635;50547.293894433635;50547.293894433635;50547.293894433635;50547.293894433635;50547.293894433635;50547.293894433635;50547.293894433635;50547.293894433635;50547.293894433635;50547.293894433635;50547.293894433635;50547.293894433635;50547.293894433635;50547.293894433635;50547.293894433635;50547.293894433635;50547.293894433635;50547.293894433635;50547.293894433635;50547.293894433635;50547.293894433635;50547.293894433635;50547.293894433635;50547.293894433635;50547.293894433635;50547.293894433635;50547.293894433635;50547.293894433635;50547.293894433635;50547.293894433635;50547.293894433635;50547.293894433635;50547.293894433635;50547.293894433635;50547.293894433635;50547.293894433635;50547.293894433635;50547.293894433635;50547.293894433635;50547.293894433635;50547.293894433635;50547.293894433635;50547.293894433635;50547.293894433635;50547.293894433635;50547.293894433635;50547.293894433635;50547.293894433635;50547.293894433635;50547.293894433635;50547.293894433635;50547.293894433635;50547.293894433635;50547.293894433635;50547.293894433635;50547.293894433635;50547.293894433635;50547.293894433635;50547.293894433635;50547.293894433635;50547.293894433635;50547.293894433635;50547.293894433635;50547.293894433635;50547.293894433635;50547.293894433635;50547.293894433635;50547.293894433635;50547.293894433635;50547.293894433635;50547.293894433635;50547.293894433635;50547.293894433635;50547.293894433635;50547.293894433635;50547.293894433635;50547.293894433635;50547.293894433635;50547.293894433635;50547.293894433635;50547.293894433635;50547.293894433635;50547.293894433635;50547.293894433635;50547.293894433635;50547.293894433635;50547.293894433635;50547.293894433635;50547.293894433635;50547.293894433635;50547.293894433635;50547.293894433635;50547.293894433635;50547.293894433635;50547.293894433635;50547.293894433635;50547.293894433635;50547.293894433635;50547.293894433635;50547.293894433635;50547.293894433635;50547.293894433635;50547.293894433635;50547.293894433635;50547.293894433635;50547.293894433635;50547.293894433635;50547.293894433635;50547.293894433635;50547.293894433635;50547.293894433635;50547.293894433635;50547.293894433635;50547.293894433635;50547.293894433635;50547.293894433635;50547.293894433635;50547.293894433635;50547.293894433635;50547.293894433635;50547.293894433635;50547.293894433635;50547.293894433635;50547.293894433635;50547.293894433635;50547.293894433635;50547.293894433635;50547.293894433635;50547.293894433635;50547.293894433635;50547.293894433635;50547.293894433635;50547.293894433635;50547.293894433635;50547.293894433635;50547.293894433635;50547.293894433635;50547.293894433635;50547.293894433635;50547.293894433635;50547.293894433635;50547.293894433635;50547.293894433635;50547.293894433635;50547.293894433635;50547.293894433635;50547.293894433635;50547.293894433635;50547.293894433635;50547.293894433635;50547.293894433635;50547.293894433635;50547.293894433635;50547.293894433635;50547.293894433635;50547.293894433635;50547.293894433635;50547.293894433635;50547.293894433635;50547.293894433635;50547.293894433635;50547.293894433635;50547.293894433635;50547.293894433635;50547.293894433635;50547.293894433635;50547.293894433635;50547.293894433635;50547.293894433635;50547.293894433635;50547.293894433635;50547.293894433635;50547.293894433635;50547.293894433635;50547.293894433635;50547.293894433635;50547.293894433635;50547.293894433635;50547.293894433635;50547.293894433635;50547.293894433635;50547.293894433635;50547.293894433635;50547.293894433635;50547.293894433635;50547.293894433635;50547.293894433635;50547.293894433635;50547.293894433635;50547.293894433635;50547.293894433635;50547.293894433635;50547.293894433635;50547.293894433635;50547.293894433635;50547.293894433635;50547.293894433635;50547.293894433635;50547.293894433635;50547.293894433635;50547.293894433635;50547.293894433635;50547.293894433635;50547.293894433635;50547.293894433635;50547.293894433635;50547.293894433635;50547.293894433635;50547.293894433635;50547.293894433635;50547.293894433635;50547.293894433635;50547.293894433635;50547.293894433635;50547.293894433635;50547.293894433635;50547.293894433635;50547.293894433635;50547.293894433635;50547.293894433635;50547.293894433635;50547.293894433635;50547.293894433635;50547.293894433635;50547.293894433635;50547.293894433635;50547.293894433635;50547.293894433635;50547.293894433635;50547.293894433635;50547.293894433635;50547.293894433635;50547.293894433635;50547.293894433635;50547.293894433635;50547.293894433635;50547.293894433635;50547.293894433635;50547.293894433635;50547.293894433635;50547.293894433635;50547.293894433635;50547.293894433635;50547.293894433635;50547.293894433635;50547.293894433635;50547.293894433635;50547.293894433635;50547.293894433635;50547.293894433635;50547.293894433635;50547.293894433635;50547.293894433635;50547.293894433635;50547.293894433635;50547.293894433635;50547.293894433635;50547.293894433635;50547.293894433635;50547.293894433635;50547.293894433635;50547.293894433635;50547.293894433635;50547.293894433635;50547.293894433635;50547.293894433635;50547.293894433635;50547.293894433635;50547.293894433635;50547.293894433635;50547.293894433635;50547.293894433635;50547.293894433635;50547.293894433635;50547.293894433635;50547.293894433635;50547.293894433635;50547.293894433635;50547.293894433635;50547.293894433635;50547.293894433635;50547.293894433635;50547.293894433635;50547.293894433635;50547.293894433635;50547.293894433635;50547.293894433635;50547.293894433635;50547.293894433635;50547.293894433635;50547.293894433635;50547.293894433635;50547.293894433635;50547.293894433635;50547.293894433635;50547.293894433635;50547.293894433635;50547.293894433635;50547.293894433635;50547.293894433635;50547.293894433635;50547.293894433635;50547.293894433635;50547.293894433635;50547.293894433635;50547.293894433635;50547.293894433635;50547.293894433635;50547.293894433635;50547.293894433635;50547.293894433635;50547.293894433635;50547.293894433635;50547.293894433635;50547.293894433635;50547.293894433635;50547.293894433635;50547.293894433635;50547.293894433635;50547.293894433635;50547.293894433635;50547.293894433635;50547.293894433635;50547.293894433635;50.34
7;70.0;40083.4583523523;38487.70372251111;39907.22070967787;37944.50623208319;38875.72438606595;39841.592960370166;38760.32693894812;39506.44760502802;38376.90832835734;40627.70594890197;40292.96623737388;38790.75574703096;40027.02314144712;40055.61768366849;39196.816295209064;38655.73104874828;40207.94879765174;39653.07798229956;40141.79640123149;40281.291739666536;40474.20887188178;39413.30455299372;40941.25047463947;39817.96539879397;38635.925743438034;40928.782330659495;40585.121385090126;39817.055127051266;38985.7568116314;39133.91377916215;39974.18105677841;39985.91129719699;39587.038139869685;39615.70600968692;38781.14196868376;40573.39985159968;40049.334284442404;39803.42686849564;40134.36669759208;40780.88604060726;41917.02129753464;39418.51151727508;41106.64565610625;40012.68229189493;39919.66837248343;39531.84040730442;38115.749942124836;38719.05442420814;40330.744515416176;39471.141976385166;41857.33181632006;41642.428785753655;39950.14710683333;39233.48242305993;40168.301300144536;39619.9849285722;38212.05245810897;38899.485124798455;40436.38759686783;38752.02476119832;39581.94269104784;41318.850949699874;38024.40129444237;40216.34167201358;38770.57591728834;39911.266353702245;37907.18745455361;38976.071351459614;40136.3282281634;40246.81248760843;40216.383771064975;37812.694807636515;38883.28508121883;39674.134206951036;40193.83689595553;39195.50992211215;41192.01528849418;40404.98156104877;40507.561305609925;39957.578565487005;38993.63243883574;38783.55416505553;39580.60107673312;40371.3126151477;38889.826400154714;40501.42660421143;39851.6096734794;40575.91654270272;38642.558877133;39393.79914422786;39102.53657026228;38961.96881918264;39950.125759272494;40937.65507573259;39320.388728029284;40380.540710933696;39211.3023139054;40583.87924375465;38327.813945151815;40266.497445224806;39085.513297369675;40248.388744419884;38862.15955477635;38758.09941948963;39228.39520417481;40751.620434572855;40310.793487903815;39533.961945253264;40259.15926303345;38804.97799691188;40011.494685715414;40290.312310839865;40914.486707818665;41460.208292663534;40630.62164860154;38594.91991064901;39946.47209935961;39572.11950549447;42040.916584707775;39367.157440732844;39770.325270959685;38812.97690180943;39120.634144650285;40062.01263540321;41379.981095381365;40007.107009305364;40937.67271013609;38912.18704075283;39391.83101226258;39852.16164635266;39642.50109726336;40121.46581652602;39710.26751325839;40394.255108771584;39280.58665755128;39136.266949576784;40166.302747;39360.916515717385;39664.222295324114;39728.69649509831;40935.75911507699;39417.456569150585;40739.28137909189;40655.71321440168;39957.73045927215;40585.152421920095;38830.173868309255;39804.2967599702;40634.9902252511;40145.48769092324;38316.75939477798;39896.297411580075;39529.19530956607;39390.45245515839;40473.85898018647;38789.29415412143;40736.772799982224;40371.668992553285;41616.30729493266;39648.860166296414;40132.79601561304;39786.49426582525;40450.792067905364;38443.72534550831;39555.63620179393;40664.51965744944;40501.653494567785;38724.97724533812;37994.321588153005;40125.04202025747;39379.783216976255;38916.98785035376;39048.76955189458;41226.766582575685;41498.75409479105;40663.97038625857;40677.083650057546;39607.9261715289;38903.36159429599;39655.03232434675;39784.240330450295;38738.94682840123;39969.891360276415;40045.868187447835;39964.76756109008;39904.49988422198;40588.58316548914;39099.03956771197;40102.4604929209;40223.97119197024;39347.63191845828;40223.27314941125;39562.827792722215;43053.433078484726;40430.60165118888;39118.517368761604;40267.87347973568;40549.73156549087;37965.33911601022;40241.66722150085;39457.32730749299;38698.914754477795;37217.26308306712;38072.6758019569;39462.2444091692;38979.50733654804;40644.46015785394;41052.19730397669;41759.94769849213;39587.345558598914;40316.226842713586;40386.94448047239;40504.51403900328;40084.937601221325;38461.38618220457;38202.05762951934;38645.28946672762;38827.872838362644;40978.4155442207;38357.55217174395;39350.651935744914;39605.23498763917;40196.23958037116;38549.526742891794;39928.040736165465;39767.186271807215;38669.787087869416;39250.82657261804;40191.45190849334;39017.686300856985;39924.42510667218;40041.53964437907;38041.98862502149;38032.71144695658;40729.731382176535;39375.18799169668;40349.46236542076;39887.679009099935;39774.598680801224;39866.50031461892;40331.10166726053;39005.72884754683;39709.48783944449;40531.813987532514;40133.235164237165;39240.80265244215;39062.721302095866;39878.47049629952;40036.28005677888;37118.360116502845;41037.042402750514;39466.545241210864;40942.12260479407;40341.10645335767;40435.509292871735;39627.95537549946;39438.537105956486;39513.67532495957;39831.380937351096;39977.690373793885;40598.320808829696;40161.42187750737;40463.82113566705;39979.83106697368;40075.463719782565;38761.46468211002;38313.49902905279;37425.02134590031;39470.34381453682;41245.297139181566;39712.67496995564;38979.15467884879;38838.37097567029;39271.339591762975;38112.4163211568;40673.65075392943;39343.69166962816;41690.888249512565;38435.68416697353;38733.04024376504;39799.87179611895;39280.28742937102;38543.36711766563;39900.89173994859;40127.83451666623;41560.05472864587;40741.452899352094;39141.46558656708;38683.773890356606;40821.05662695358;38988.792373105585;37973.94579595301;40242.95862939692;40507.31102162982;38190.46513857007;38992.512592079314;39508.48427645878;37800.16152952367;39080.80212333116;40383.49355500977;40066.513633321374;41690.7604605254;40494.85521342691;40138.89834240516;39755.54941228282;40907.99209546171;39022.64032164069;40553.90178930687;40111.15699839567;39164.46682324915;39906.83007911529;39847.89385626444;38761.108426767634;41391.08261049102;38720.36918229813;40841.56757493576;39113.3626477852;40038.09650831908;39767.892408480926;39487.96779652214;40566.46438584519;38161.70058897296;39547.38907925366;40886.89688220444;39417.83521536377;38960.62961187562;38868.03105193826;39375.080443395935;38534.09140494065;39965.02690223148;37403.3789673182;40551.61753798505;39368.6570635507;39410.133671175296;39562.195189232814;39697.010977175174;39248.31479626976;40308.15751341123;40940.569129779535;40907.64580399296;39570.226083807705;38705.107557412884;39385.99950974835;38037.45298757022;39590.00745444785;41164.79176893037;37848.34071769608;38207.78123174049;38803.8790097296;39088.80188775682;40169.34963846461;41012.881678211066;37550.59010894958;39944.75134087053;42275.99871587022;40695.89175181371;41099.203797719674;39700.80372118291;40352.79148566557;39800.7350121913;41350.651971919964;40311.92715292567;38471.89919299897;39640.39681393168;39459.48008535527;39953.353855313886;38462.77852076229;38997.60564217861;39357.25124124084;39016.431476048085;40142.79658108817;40610.37993733138;40626.98624152415;38401.5857821265;39492.03787181823;37677.48732113522;38978.23385247748;39191.9619999293;40203.79683089522;40101.00828424501;40239.88741271971;38919.195602397966;38760.24913307918;38477.484352960564;40480.67220350936;38586.879196105874;39423.30774516356;38661.32812776502;39865.73083842437;41174.80830058754;40053.77852495058;38707.113441411086;39411.44451759219;38864.886329088724;40151.72221961778;38595.484290588196;38774.88433604622;37694.774886871135;39825.39998190215;39859.77758913997;39383.85543276149;39754.44611912165;40850.05642003055;41845.546925878734;39744.49192952535;39061.96557247662;39665.362252226936;37405.636441710274;39201.06087169509;39860.58216864409;39396.48223840288;40747.993723525135;39334.58326956594;40108.329642405246;39841.8542945257;40253.41986880165;42266.69311728512;39710.19176637748;39326.321366561315;41891.714665920226;37025.11929995824;37526.04406217237;41542.444711039374;39507.319312562526;40709.10372851927;40125.72576411399;40402.940854487526;38942.855847827406;39689.991925334085;39900.55282017768;38819.59537013952;40923.98773985352;39128.07778666464;39547.415839123896;39113.464685966785;39298.13706818406;40939.07001038832;39388.63324925067;40148.84649190365;41918.629474529436;39620.13362853044;40587.017422156336;40082.39624225603;40835.02961262292;39655.19358898128;38362.34352738985;39391.42678521354;41556.8284163582;39028.499667578464;41128.918062135344;39426.30538996527;41459.40193869853;39750.794191534216;39677.45299770898;40777.72106901297;38283.34801319372;39458.92270169759;37093.01718379666;39392.772348339895;40701.041814288445;40959.06077543059;39253.67709631877;38216.609036799935;39613.835449891616;39309.48904527328;39034.047648713684;40031.427161322536;40035.08688963376;39144.330252919724;39339.547468611054;39923.283478985984;39404.83847211158;39775.88543729199;37462.50812076831;39422.43184607857;38515.81404125627;38747.76027867493;39981.535525177664;40579.05348122896;40131.688341779336;37229.837755084096;39157.32935331272;38023.81467937413;39548.61231425467;40265.71231093163;39006.304848536565;39152.95972491031;39488.8421715288;41065.864306071264;38941.106872676486;40946.56410311572;37636.47212475291;39360.67007800618;40570.82738377702;38243.79201777956;37814.62751423159;39248.398222652126;38654.017669224915;40096.047928248736;40351.65502802553;67034.15513593504;65305.414784235625;64096.38016732133;65820.24460015677;69483.53648472298;65505.85060880827;62920.180977755605;64492.51417988808;65436.119792723664;62460.03377165325;65031.468207553204;66487.90593273345;62518.49304931912;65929.73697695047;65115.1595639937;63626.996114857226;66092.56628561286;65154.59854956263;66214.9260895171;68976.89599309245;66304.01161445424;67686.0819972402;62701.53937119325;67886.52188828585;66221.77889310074;62388.14354783173;68413.41727524422;66202.85039696685;66121.60052407961;64028.989097566366;66049.41250941907;62987.50131380755;62659.565675970654;72780.51715497406;61606.43615020481;65724.15605495754;67745.63659553716;63948.961921103415;67279.4540200859;67772.63299426646;64498.40155986418;64332.67465748701;63890.399832264295;64438.71566958219;67456.11721335986;63972.03229525348;64631.42089869796;65675.91219952481;62372.65895015464;64689.37745040866;66640.45671420716;61298.67952923378;65773.96121153397;68321.00312897803;64904.9561905286;65304.318837209496;66645.20124451746;64497.7682087271;66314.99577953535;67459.669731736;63524.06305390378;69265.52644487597;64497.9922017115;66258.5741058927;64485.56363202867;62990.354297628204;68232.27800342561;64611.06813937898;70473.63162815715;67869.56504629609;62773.833391024775;65332.27809392603;62804.219679806396;59953.82978552666;65038.14528631031;68136.01519848434;66834.51317965213;63682.64108786568;63031.1553106151;65392.708373346795;69172.57548615345;64157.41039624343;63568.44955442537;65484.711372953534;65235.004438903;68488.58794080361;64617.194817896576;66116.84458571362;68186.33765676615;62877.30024659183;66582.42603151062;67548.23275178116;62554.824256641696;68136.99020207774;61556.45077831367;71663.03262417286;64546.21061772045;64876.66552575589;69918.52893299956;64976.26963532428;65456.58531952202;64717.598953699286;65850.99198534561;63963.540943033564;62113.29941320735;69722.86875710636;65404.513625483174;63615.21398364923;67436.08948508679;62235.34388391317;64592.045030525056;64726.107870293185;64907.90676503534;66671.22053202701;61640.40584376128;60780.98831136343;64393.009619596975;67548.3255781143;70327.04498474902;62188.77310243201;66168.6435847514;63586.337674170696;65976.58885365649;60772.86001551856;65455.566163444746;65534.149047201936;66095.72016648558;68187.40371057569;66273.7837717888;66599.41761615923;64799.474388028255;66332.55179911148;64277.061837144254;65882.98868121905;65538.36656132263;60784.12386373423;64499.84255520515;64515.362688240566;63500.95407217543;63919.27527259688;69370.47997489883;62198.85012170676;67792.72814076484;65398.27932810492;64554.08888830346;61583.00375715242;61338.25874026497;68448.24621750013;73196.5753147217;67314.20316696313;64361.580272795625;63144.55933504157;62993.310551522685;64548.223199872686;61523.63981834584;66857.5995098092;65664.51494076326;70133.93337787874;66033.4970616877;65421.203880633395;64655.98706480039;66114.64992001964;65880.97087075723;64745.15693968952;67584.83612464082;62893.09222833032;65765.44101829927;62258.85049833477;67292.65959841223;65683.54008271635;66614.4457437152;65303.287882547156;67873.20090570004;66666.60302636813;63266.90803027872;61461.660279530784;62386.42191014089;65365.59235999144;65398.66492257774;67112.14287371347;67178.95956277169;64159.633419474245;65312.67004419204;62875.468531611485;64775.75565351997;67070.39409162661;62453.936412261006;62821.460695627;60945.74676947817;66004.00554230444;68230.99065595231;63575.08557773384;66394.44013676757;65353.853197957986;62199.285823811;59730.838834697606;66873.10299493806;67116.7352204404;65513.33753978133;63979.33201304384;65068.79054900125;63319.809137328;64630.101082596826;63025.64145030139;67848.5479677868;65706.42720754442;66607.12824717308;69684.78255902273;63676.03633972519;62797.015272420824;65375.05580392367;64598.26445186251;64650.77393288263;65961.43246352255;63319.83140199617;65959.37898027881;61440.848164677205;65391.95142010793;63845.82621465176;66859.46296803451;64309.25051737683;61949.08586584369;65028.88268868464;63788.499213483876;63553.94588495588;65786.82562734169;64746.25920150299;63844.63469292543;65159.30616775933;64926.608422188525;66407.29811560853;64013.82228758305;61713.07113058898;64330.48505655117;61934.113259603066;65880.35788015537;66383.27083831541;64005.25897258298;64289.40973754492;67042.57597123031;65867.28463190915;66716.39186575185;67960.81397837106;63837.86828090237;61728.478764763095;67194.18978950598;67998.89762124885;66243.703842791;60312.65175432141;67462.36843982575;66886.73986801639;64949.922582995256;68062.8640246111;64237.418856882636;65738.38896121013;64305.45306819473;63242.96970548543;70688.77964689834;63172.75580459362;65206.16962486901;65681.14509064902;66523.59855536191;67909.85213864503;67640.51330504104;66010.69435931761;63689.97927219192;62450.898115924276;61468.4781322467;65552.51201232891;65356.774895310286;69151.25806394;67134.07857514775;65608.64715224392;65132.15366390952;65502.96268272876;66565.7524968255;63487.76735046683;68568.01793207202;65257.57489200415;67004.39983666662;67663.94988937906;67480.41769258254;63240.061867337776;67710.26491500267;66838.23873468552;64188.74378979912;66874.15586250262;66129.52018787249;67783.2200667221;60999.17576403616;63427.49481646867;62890.69653450301;63967.90941773001;61897.193115964736;62141.002963364765;65572.20051726847;66189.55013732304;64943.165917691826;65226.953747331085;64213.44399065832;67577.12115924485;69991.86861290337;68096.02314108441;63901.306826258886;68450.49464700527;68110.434585484;68157.72156728798;63803.417541850526;63303.46065546258;68585.16304361317;67030.76612223299;65274.25509344673;65625.77238433242;67914.25200862339;69186.74336076202;65001.25674576463;61094.10399350982;66089.50946816467;66323.25967302543;64277.45516065523;64490.639160081126;64906.503770019954;63442.6592628861;67515.48193062027;62087.637970639465;65201.8962987956;66480.15140064168;62117.295688536906;62323.667093042255;67587.78697787152;68277.52973486591;64495.03056098515;66698.29646397202;67031.39411114831;66092.82691584673;65805.20496887309;68714.47967148425;63258.68165459891;66102.75841276212;66208.4412320764;64506.12280284256;68000.16585583855;61692.66205229385;63181.694985739836;65351.03485757165;66366.38886691997;63714.59268975335;66684.68872673527;63493.04841469264;66931.33815835512;61546.308698282635;61256.87827181506;67049.64758622239;63610.18586130143;68165.57533533403;66366.92879171559;63108.573359872375;66307.76925490075;64299.28844058183;60514.39321969536;68673.60223813352;65330.97423895706;67988.52971828106;65367.900927749855;67242.34962129276;64137.561152120266;64867.454206994444;63222.96737268692;63372.23766704598;65579.40340246531;68192.96130190756;67837.06560304058;66626.68009379445;64939.72262275978;66914.56643844186;65314.06104847666;66313.20796237676;64908.48968143397;62074.0590505578;61167.45543167756;65140.742430666076;66113.37234427889;64241.224046524345;66141.24047484693;65762.15131823701;63940.13944975497;66443.37496080407;67128.44703908905;65858.76799091388;70231.01618864683;64871.334267781815;64105.22494686744;63651.9419186761;62755.29449081125;63565.94539114236;64882.346792599776;61264.20616000251;65106.125122821126;65646.2705202669;62862.996288488124;64773.027017075576;62914.65021117196;67191.33590701265;64001.59145280628;69889.94303907806;65509.34270576034;64724.176468622245;60571.75214279696;65458.20065539473;67337.75922211884;67866.91374543225;66469.03913554549;66031.89289794295;63207.24931556603;64137.838544142636;66869.48169737344;63075.49537392918;63679.75537523218;66230.82542055893;66883.1083039566;62320.31246652338;70175.11863501363;63602.015670158406;65158.27925465941;64229.634410642364;60850.54417721152;64635.728132195116;67010.05717922407;63873.86839768412;64846.319239548524;66223.45961154648;70216.7193041533;63591.302793115625;69156.0297779514;66413.91741815553;63719.089731783075;64856.439271944015;62345.16396048296;64471.068459793205;64394.6309067208;65360.95381160412;62347.34716190367;66250.64747232314;66589.55605493224;65449.249572116896;65516.95027332048;67050.52987569322;69617.55639045581;65165.34357440023;69012.27593995692;61941.88365260888;63467.63276190497;64894.767343880936;65367.644812465194;61445.452589385655;68588.0488588115;65472.254636860926;66397.69297442316;67719.72345687929;63712.01097897625;65449.55436595166;64364.875437675575;66615.72883253422;68067.42413434396;69577.95496666769;66060.7552987404;62792.803077001576;67234.92481315564;63921.82640124683;63395.396998015574;64024.90592231607;65074.33624443146;63594.889154780656;63825.08026482356;68170.8677397976;67205.04609109598;65168.06525282325;66268.6258050079;65468.74062257039;64944.5150899298;67493.63958798483;67770.00467219469;67326.45523817747;62585.43707411223;67303.91873097743;68576.57899883961;59316.98401714338;67062.23992106969;64138.59929328656;64787.174437637776;67661.02682562801;64230.391272888926;66110.9461560141;61315.42920923152;65399.964251188176;61681.43871243901;66731.41840657237;64002.509006803135;65814.12920810566;67443.79190012324;60.0;61501.71564418423;45125.51857974327;47795.77090654455;50015.840706185234;49747.68062786745;49642.224837098176;46594.5774494409;53811.46870353161;45811.18236302846;39794.033829914646;48714.062593523566;52717.12659450271;52603.02147175608;43926.87862082925;47490.66766068153;49320.465736636834;56869.7210233597;56021.129761076445;56515.94754501108;46380.996937247764;49439.80424893929;54782.12792453721;52646.048205268075;45934.407010492774;46292.39327527953;44500.98619902288;53670.561528736696;47441.08822496961;43940.5369415483;41500.47548031797;44615.87681691374;46799.09051922386;54431.574150800334;62677.59709891147;43626.58323695224;55537.11920202435;48790.95086622591;53113.079100587194;45264.24222001464;44670.12316446547;51082.932195957444;49495.320657813776;50974.657626387;50343.30018440269;49544.99002741576;43116.46878394674;60186.456566743356;49303.37603528905;46389.788443829406;54440.00135676016;55327.14662521017;50225.73515480517;53467.4362394587;55429.91513228641;50153.216992398935;42191.44847847511;54293.79423693921;51858.90384615798;46379.93322881799;49389.118809623586;50973.616254657165;47205.43618072623;54779.85035162125;54957.90113319969;55443.674387291525;52692.89268951234;51191.30601194674;52491.945047812354;57786.162484421526;54933.71740866424;62791.808519856364;56188.754532306084;55911.90995771591;45004.413914479665;51507.86065228951;42019.57382046319;47095.22051858068;50802.064386206526;42967.509969087885;57056.62473125353;57949.37178384767;52253.111597946336;45477.9602993516;49979.89819649101;58565.29432508394;60500.872772339775;51236.28665674533;59942.56480680072;59053.182815947664;48030.74673470116;51327.902621850684;46850.97385095343;46979.95554468173;55348.77303862555;44535.565730258655;53556.542945839814;48244.75641971449;55247.050582310585;50760.161117047246;49423.094513357566;52315.50134164914;49490.50252280869;48869.63120080499;54458.757632990244;50520.5020620879;52830.29354889318;52828.788381729406;56550.641757883495;53558.169220889366;52067.05266525874;50665.76171101203;52879.62276196387;37789.02590694926;59199.690325980286;50265.54761217011;48794.707918794455;58741.55929525531;49947.54718761378;44479.725859208644;47043.968622041415;47644.441801136316;50834.51452967719;60703.762606728524;55053.044905910116;45821.71849179416;51408.905747905774;51174.990018706834;51284.09241176585;51646.27189489765;45368.731889310686;46001.080578817855;53196.442219534765;62619.764143595305;58726.69322415714;43863.47607294482;52741.70946964378;55951.21704344908;50311.10430565583;51658.271640197;42434.231738429626;51729.23969912622;53343.5566451463;51799.94181018871;52309.669094809404;54255.041849010944;57200.566965082224;47194.0126390536;50810.34296603737;48974.19308071722;54708.16408623484;51419.55756316346;49412.879486882186;54016.28220247482;53824.291232352174;47272.821325718985;50640.81742409131;56339.648308969496;51245.340349711754;52735.468864745075;50300.491410052615;51823.964617954494;53242.795102786484;46581.17439168462;51883.31776073358;44071.08807243822;50364.946118833395;50930.913633712415;45056.97575146552;46306.374071488026;46974.52449659322;56947.115178574924;47193.83327181115;46020.83349239484;58798.973606926076;56137.88654548289;46830.74713042831;57344.81826705582;54865.18886556993;58212.574584533075;50077.68311176566;56489.11161027535;48084.38755196208;44583.78456750839;55584.4097114922;51420.527796006434;49224.28336874895;53831.25731004533;42145.95573201793;49029.24038045833;44220.640884978086;56776.483772503474;53628.96504638059;54260.30252028447;54988.58993229043;40460.9969156728;59346.4020884308;48301.50122290298;51089.277624112;60489.62769694059;60531.29861013105;57981.454334477676;59089.2768586086;46827.98728631958;53203.9453621774;46870.77335162168;60951.05551483379;44472.23537159153;47170.77400238936;54475.73011925112;52311.92169031317;53326.180221671435;44480.971265077766;54578.13387817373;47811.99806281128;62428.52768414763;57051.500197654714;55031.49369839036;55656.03864960519;50602.883608355136;52952.041986186414;50764.52101617865;60083.911467686135;59724.618745498075;55670.40663683751;55546.58791488626;52168.68208558464;57757.19918628143;44853.82945172329;56026.57599098176;56307.16132226545;36788.265976311726;46781.44635704164;46020.97677568647;54328.77658159639;48744.682733398164;37440.11734066989;41027.966273754035;36125.08595288209;42819.514373991115;49726.790506031975;48593.15169603112;47573.52969268847;46973.94919235878;48467.460817084735;43944.989037526764;57804.47077878044;47760.70522192166;52533.89479205746;58168.90932414763;52532.71468558859;48970.717908446815;49794.71008458146;58446.717114425286;53932.56287125296;40314.02198378176;48457.317584853554;57143.250401046585;59471.84071754825;58130.46482732653;56054.73216082553;52476.83266117498;47922.66518637384;54170.63542715309;54293.587237625994;53325.32743185938;55239.20007943088;55405.87449458445;53614.86636224335;51670.669454488634;43040.42571785372;59893.99616057942;45819.07394710119;57880.70658873907;46008.907580406485;59643.515899060374;51156.61320700943;49256.80254877794;46313.529602237264;48776.07203442207;45360.821804523264;50187.351793770606;48096.727434813816;50786.780283865504;51060.49441950323;48395.213505978136;48139.32440260521;48391.60669584877;49430.98329675498;46159.258468684646;43866.57626959843;50073.884381734366;50222.7889691054;53707.01532749463;43176.18944499873;54274.77569370327;46775.74340502043;55120.53479245424;61192.94792498233;51649.179984809256;54458.960472368846;58300.20934424185;57489.84499342834;43380.57712201398;53927.16549123442;48671.725698994895;52350.28572918872;47835.9040633128;49111.679804004256;44546.1488768433;53201.14340534751;53198.56498632441;47407.31978860813;54909.88798635756;51105.748985022576;53927.64547843089;59600.5316794587;54358.06076963124;50663.768065418386;44804.62738685972;53019.95895393776;48908.22106496512;50431.14743694472;50530.48110161485;49281.304317679846;45145.23191886456;50450.45349873197;50041.558408269666;53417.980315384426;47431.12331938677;51541.517053346135;37843.88591712012;49890.648824134805;54527.42880826466;50466.9076592409;52923.88200084339;56812.71699271497;60231.271906268026;47760.57981623821;53247.40607358012;49274.898844483876;48564.20435348573;34372.9720753729;42945.96968270098;49578.75025706909;51488.22044883662;41772.19485288887;50377.98843246861;60875.2527247995;50838.137171479124;57578.827367151745;45456.366912485515;50401.417334489655;50731.23776131208;56485.45330069128;46540.761689494626;54684.99829373967;47812.62854918553;45925.175493597664;46980.93524172828;49267.322206522804;49383.91703260836;51123.43643579507;49779.9351226937;45701.01835293331;54870.80158917276;50560.6743187696;38912.0691826952;49958.334630926096;54829.990407873694;44681.039013332265;52236.03394140424;53057.04333590472;49909.16766473703;47388.4630089686;52698.045144389296;46228.99278329279;40003.80163550828;42051.07111945894;51514.917891130965;53323.288428547305;53747.83922276163;55269.01097944993;49041.94100163838;50159.12779391164;55202.647614525114;56798.18970459635;58117.94698603423;50372.45465991912;52356.19249107409;56721.03521714671;59542.52452398902;46963.316799219974;57187.10667208089;52694.24056543746;57484.9777020049;48942.38959211241;57465.985285913535;52799.91924846913;50764.638640570665;53436.6115265579;59236.51425049247;62983.091580729706;47088.788643508946;53082.275868722616;46985.20616573663;52886.62566191126;47434.898322567344;50399.60587243948;58480.0159543867;52135.30239622293;49344.0778185251;40947.864653721175;42533.04605892355;58507.838956726846;46904.561481464814;47246.294629642354;47512.70710425355;52978.366202111465;56560.89283894737;46306.34171756607;48654.929712337376;59885.129682591076;47106.11798730522;50602.06847465794;62979.00686483152;57346.73399656013;43558.09592231416;43117.45249531978;59153.80622719088;53669.9301798344;51890.21400795535;54743.66793204568;55438.35962172665;47469.91493467531;56423.216888914896;50060.817975984384;49458.17246714434;60951.99106068287;54727.664547133914;59694.102964700185;50439.79793898119;50429.136620733625;45876.81866872245;49400.1362826062;49445.67468044021;57688.39439685414;54111.84637413841;62422.59415832638;58063.99329938567;51888.065690951174;60222.53845132249;51326.088649969024;44334.76785410148;60469.52669514113;54418.87271944829;51793.83427521137;46756.925468217785;43889.81399999958;57600.55201084301;63515.77156832919;50825.761973853405;45930.16391118958;54419.182261098606;46476.458841432635;57455.9635170009;49722.49035300005;50291.83132466925;52439.62661634085;47596.99359027247;55467.642365849446;56798.02045036769;48467.478772744114;54176.222331572724;41851.061740448175;54082.92221501946;42252.888292562064;45104.023348027644;50152.10465329282;60096.391781659775;49386.591117904056;54385.318077516815;44155.93857106554;50073.55061285644;48924.95767441148;56676.69427231215;54304.62537139869;52462.376570728135;53202.36887057232;57009.138491363396;53688.98086117119;59334.781477662815;45729.49598774414;46042.4455144516;51601.264814051014;47761.73605834137;45985.213645197386;46475.00730734509;45566.824580179855;48283.32339848472;50484.69947607436;60;48771.28546303592;54182.505211511336;48405.017787567216;44428.155083074314;49466.56085191981;38684.270578705364;55617.35295470043;54578.86268810378;44966.859724249196;45075.26936433101;52025.23297363757;54655.45228036825;37547.02079960441;52368.591335838486;51270.42231984664;44762.993211202156;53799.43922500112;60666.31946422918;54146.35175353153;45973.36459604208;49335.1389234;43174.074713720096;52598.09601442222;50105.81743863927;46938.6994922616;52964.137923152215;45685.03466141693;61168.61159388048;46876.47110491783;55370.041274170784;54856.05765182086;52626.30899519269;51471.69615745748;50873.289368520804;45084.05966036285;47292.912309386964;51712.52506711877;56722.02804559071;46919.37771457095;37732.604666712556;50699.73822056217;49482.54383966603;52405.93910926981;47052.49128527403;53062.14237380725;56106.439302821396;51546.57340167834;47581.66271456503;55309.891448134316;39371.610999050565;48617.143452233984;53260.35775337672;54472.03944708537;52829.246801766676;42722.31459672487;55226.724008476114;50265.442283337645;59575.498481894276;66016.7062093406;42158.7663977897;50163.18568046914;48105.17806328797;51054.30563740946;39848.15896156154;56762.742155098575;52937.32724762319;48588.94552242028;56422.614529886036;43047.15688120147;44022.62390783533;48381.91638707968;56522.023109918475;45919.733027402595;47035.995169944494;51124.80006500744;58882.96720370702;36225.88448078267;43139.02091824814;56770.27011243366;46635.08581113369;56073.27666924814;54422.25052838728;54364.759459122266;44350.842409241086;43864.76491298492;52884.82962068998;46672.29069071245;48974.25733166777;40769.682045520676;46653.465736032864;50339.52538628703;55110.65087632755;58544.344500721454;49112.89706101722;50746.461793443086;50903.37858094443;52515.09443312044;49181.73022741583;46405.52424754792;46660.743210196844;54588.67891431378;47299.20823969482;43708.365937103146;52308.66865853678;54210.24205226842;49228.23293942488;47569.089200771086;52920.07104369089;43829.590121960246;51056.797595232965;47171.130162427566;42918.070168273436;56050.673140135616;48928.53605486374;52088.03996005521;46355.001522090926;46747.844628946164;52678.68291479224;44545.6370004567;54995.641363083945;56118.92511156494;55923.36159437243;46723.42194871364;47029.724490109424;46525.32639111057;60682.19033724742;42679.74326260667;54483.80327395011;45787.56884043996;46137.43959767914;55990.4812147858;47399.24437797469;40541.278766493306;54698.62783995006;55538.76378032236;48630.13321711032;47672.22483559369;53002.574987014435;47966.4990238054;44240.44112550866;52476.45117925946;53092.76719299772;49102.27157356186;55880.430501038056;55592.73883506913;46424.66276877088;45433.405114424815;42529.95085188421;55650.82109033573;51767.11733459833;42790.17838274163;52790.291457995285;41079.46216820255;59739.86829372893;54649.57820474704;44641.427416532366;43757.71684419025;52211.62405230863;46323.80145847919;43283.59514888964;52391.330894698796;56690.59936003285;51989.25834887612;43616.40197422894;52531.56155576347;50690.959659915214;51367.84259625252;51830.96452240273;44662.55245845503;54126.57104511557;52222.39992005361;37681.585923037615;53142.41407625061;51716.065856454436;54463.60583495017;52798.27928664849;47882.14701337177;53799.267159198076;54534.04950778456;52051.303476137226;50599.35557123255;48284.227872628566;50624.301424461286;47440.13217018393;53178.66060266816;49536.36065512856;57970.67136627912;51665.8727642826;46692.72040363943;48885.1242794516;46647.342026443206;50752.042349950105;45309.584278195565;54418.065322905764;43184.492565206696;49911.82322497382;51096.96323034613;60541.648093973585;40661.23614692757;49502.915649128634;55323.109975168496;64309.135096783204;46236.7548336817;45772.89825955957;45082.33687323593;46071.711719818486;46051.460743785145;45808.05227351412;46742.44547971379;46913.237412671915;60482.9137106724;53745.41729504991;55530.585317803416;51929.66582907767;50615.398342801775;51620.09070260188;44619.8273371833;40336.702897649935;51459.71309318103;47321.8563585117;50049.0080256598;43143.98108450226;56966.50603778173;48039.397827973604;49140.05692173501;53828.06857015583;46640.35754799566;52880.38184204967;56875.211133727775;58563.68111699379;53605.8935478372;48073.44790928152;52348.38797587708;66220.12143245648;44838.592021862976;51377.5957400152;40147.28489536046;49532.06820355165;49122.115922858204;48045.37946145553;51639.31467635231;54951.53343102148;57548.287571850065;49714.02619667005;50885.648177450115;58082.11298685885;52064.92057730122;47176.159882479435;46911.81594700363;50726.47082548014;54709.15407262111;52083.02333311949;51846.32557036458;51875.077835770266;42621.35509947856;41426.9830091924;57075.04076269822;47868.88612865229;58051.45722146957;54508.58517222509;52425.48594347139;52406.26533248466;55751.5318213796;55886.92003505991;42407.415657850666;46842.33289064415;48338.30971518751;49226.355600727366;55918.750404412014;53219.15696699068;51496.439116813504;50571.07106545964;53340.32096240456;46007.51713147799;46554.24542282179;42674.944679180924;65504.371983295125;49415.31069667285;37681.036568246316;44309.2805035221;48182.229041564715;47376.46792957867;45986.706981039744;37793.020448763134;45738.52533097744;50700.51774443148;59196.89295289673;48312.436974260345;55764.20109170394;42399.27676138549;50220.92794101326;39566.32572910416;40950.662996507126;45348.40858057125;53252.52465265244;56820.613778408566;55906.206858504134;47545.706357400115;52304.07610486119;43072.36890868748;49289.31359072786;52026.77568266592;44693.974538949245;50353.62460132551;51628.59836503073;48573.20732063176;58230.50170359688;50107.62764888562;47038.24910534691;45282.948600628064;50983.206476442385;48569.34608213028;56514.3825409175;57081.579647448205;38049.01071133738;42391.43050976935;47933.438285474884;48950.43160603744;41704.99349351852;54436.29538654161;56785.86373842505;47938.64893426201;43105.41244865963;51414.36428682082;57202.72695417425;42873.42838604721;49839.037729928015;43441.00566995133;59176.736644403885;53071.39902200953;52889.08402548584;51715.29121038369;53312.40633937552;54273.70305312573;52898.088965870214;44435.28835174376;51837.71446635657;44374.972776822404;56897.88022488629;44153.79637395956;49781.90637767187;57461.38224330872;56707.72739672572;48077.22634867253;45939.94698231606;53506.76552123806;53740.769617114056;53794.94278525548;39169.372280690935;50698.63709678298;58223.382180271525;51339.883093474484;47131.13183886834;49367.91917121177;43473.52445094191;52511.327473386504;48873.069924585216;57251.73908033914;58623.85678623256;50032.56413750108;51202.40268064656;45432.024213058634;45061.82252643364;48786.206792795565;45601.7198513738;45596.029411458396;53791.67694411285;43509.088375197716;54245.47548309949;52369.6368291245;47272.621887051464;46620.6945294554;46731.07278368822;52102.86395169643;51728.423122255925;52195.49274848231;50978.885915495026;46844.06927428032;51150.446312819666;49143.25672402074;49184.74947388967;48028.43299291635;51259.07378984826;45940.07076709611;53478.95826095439;45415.4484656696;53957.911707821935;57344.40002543747;49695.348983548436;48064.892303090324;59475.60350706236;49109.19238614097;50232.80852678251;56810.61968993144;55749.25981773344;48721.23868096288;52983.33556712316;52383.22586786157;50182.54515025922;59653.51873049925;47243.718065912704;44159.16964272953;41408.99744811449;43504.08686056923;59929.60901002247;48027.701601594665;52089.765562776185;48664.56464954167;44576.3829409383;47926.51820214653;47802.07326238932;48967.16526149875;49346.659150915046;41936.28690287061;50634.165732092;48841.92958349869;44520.08928118963;54285.45921145838;48813.55002748719;51388.303097794655;51034.346334723436;55104.73691082001;50596.76573895722;47661.619455118984;46612.26536971313;56355.601524195976;40368.85574652656;52980.87567004706;43543.49456901709;49537.95665681457;49676.98125779517;51865.71344163452;53522.1823125097;55702.099901665955;52077.353664741786;56342.089826984025;55481.79194689014;50147.85563493993;53543.72104010832;48738.29357101811;50734.876501180544;54241.54859635928;54347.03210938281;45814.91424988656;47301.348529524286;54549.50675052921;37380.82081453108;45545.757826777364;51531.07322766938;49284.731981452715;52784.24346070542;47613.94632869802;46498.21870248545;50273.769959234385;59100.78589120491;41173.88917136405;46126.44634503988;47811.84369735642;42456.26082279253;48859.601223880505;51943.34855418172;47503.78392830251;42843.4029022483;53698.80051011074;47225.61854289712;47921.077252756884;50976.53114955994;57461.79683100037;48880.17237014466;45989.298947058014;55216.55603810241;43610.88954765258;49714.344242213796;53100.77827589693;50326.66347458164;53259.24198525156;49681.996913332296;49963.628013121015;53663.22751527537;48211.08473923066;52816.9364646004;55878.17707444033;49926.07526101291;46585.71624841211;40937.227812414836;63369.09123687951;47905.7832275636;46902.0272666612;38920.819250847584;58980.812534065655;53620.81679402788;57918.23924431692;45313.55335972209;55599.774383800635;50379.780780195244;52281.083802283036;67005.93475779722;51410.158586951526;48333.54102500493;59681.02091275193;60;61132.230954546365;66746.82447267293;65832.87322544017;69206.04968791269;64267.85442104839;64564.96510848103;62743.24638903134;47995.03823813374;59665.08317856666;63726.38582576742;68399.99251697754;56800.87346515501;64809.66285285984;65820.01231041369;61168.51988154164;55369.10507439276;60950.482417057276;59576.374833982685;60855.57683699848;60732.35118783281;50331.77072073038;63374.292323835194;62155.270883052624;56326.005200195556;67268.68502685495;56271.66365503845;51468.11405789869;62289.020917421825;59781.72633725181;62765.956018729776;60713.7785391843;61515.264748512054;66374.86354805165;52544.26930037938;59379.863487332135;55321.744854021315;57662.90929387081;72623.97276097543;54759.40512183226;53248.16813220554;63201.13431391264;63197.543171778496;55765.72469506741;63881.49937336276;60626.74827764804;57087.80910776924;56610.43196339742;63701.249138359686;66215.60763655501;59089.28908401314;55812.291851909315;70568.51943831981;63789.01928870195;55289.53302389747;62505.00136128997;52381.794549662176;50924.95515369043;64282.97478865298;55812.567554498906;65547.50907501402;63483.45161262537;52426.60042895113;57542.325739883214;65277.232059966416;65952.10419592318;59007.28446102801;70708.77868717628;60345.71304116589;58012.75041974633;60789.81911063537;62242.16506631383;61081.50789296724;55095.04828468879;67066.60821769836;60973.54227850832;57370.368554231885;56092.3394865067;70212.20809909106;58993.04047603666;61039.21323430336;59902.20635848161;64869.6830337937;54684.27924736081;54778.68754169717;60354.74521092817;62445.58580371404;58455.21233941017;46829.129692264745;63106.53176447607;56014.90745021122;64544.90838843139;57169.35020903329;66170.95297286495;59982.97710055662;64040.211801958874;62342.55112620368;65461.091649654285;59356.50164264727;61484.746463503565;69326.17504057028;55875.82606868648;63764.03286260473;64347.145525256834;57583.540365939676;56227.24826678701;53035.82679575086;56314.13055620457;50864.91943907501;60623.71964550072;51779.4006073645;59893.95107540707;60332.493274185115;57726.441863456406;55830.935464380746;57130.094607840896;69548.91818078853;60386.04573908871;62231.50863216588;71615.97975030259;63649.29777854457;58817.28242905749;61105.49609184109;49598.62659070399;59765.24138702732;64946.44731400718;65842.12153873434;60619.2975700338;57687.1262503148;62912.09974713918;58828.782974598806;65230.598017901386;66748.19321751442;62307.20292869199;55933.42687051276;60488.096504338006;59516.8997927921;62670.8860417884;64452.595829941085;54359.06583767178;56107.80736657375;61578.211390827775;61158.0559992694;67378.80779584694;70954.25329524101;60304.764645876174;58279.79541382157;63603.152777435214;64319.219510374314;65643.18147338637;61048.87627129562;57395.977927118605;68408.39050522601;60047.00166288455;64601.05624250674;69948.9475170439;56677.23937894459;59253.72236532602;57392.821506990906;50547.49587433459;61938.6392724189;67999.94197519144;59559.77069563375;68230.16554001943;57567.63723031174;70903.80782011914;55919.39596615236;72602.03527205318;58863.98370643519;54545.62799734927;61389.32280827921;63626.13723559968;53647.39768969618;56735.57469800259;56676.49732707524;60406.65864253527;57544.88132871209;69408.44726168885;57266.679489515576;63551.85248437517;70422.60931911043;51049.43636117943;47093.36625351766;59020.48257288616;63232.22965798545;59656.4285434729;54027.440721749444;63371.204775291524;66522.07973122885;67866.26936486168;52403.48269149997;59314.16843544216;60176.28946105679;57691.13651021628;56449.49347478857;70073.201449529;51074.79662214816;68556.04181151594;54895.805128537686;61296.823338426926;59143.57232025178;57677.880290038825;68392.45497894491;71466.92071615334;64337.267635557226;48661.073543543964;59384.10245596168;60210.932179368945;54260.837682531914;63603.665574668936;59912.084141533865;67427.17339945471;58411.77712580001;68718.04398140205;66491.8753037183;50467.72098610434;57440.11644048764;70085.40145078598;69891.88111424139;64883.59387611081;61108.757800265965;60684.078514459776;58137.344227658614;59333.11668239969;56415.648244213815;61348.06601715736;65292.63130279753;50341.346187542265;58350.69284568737;58223.30244471989;65551.77451224059;55446.942789313616;62049.787809590576;68219.19766249563;65573.16609620913;64704.961431767646;64936.92155509362;64505.883116489626;50497.818320861756;62877.396096784105;66483.25583585112;65165.76034730076;57548.199364811415;68422.79097362599;60499.73973698043;59803.376449513744;72429.06571256978;64834.736563668994;62733.86901252195;61718.491860326045;51851.635330441204;66894.01973466537;57243.5637780416;65941.84271385714;57199.321845088576;66784.90149255315;70954.69832762517;66453.74744599186;68457.60942218536;60469.866448081055;64272.22315883388;59556.19264819186;61751.0749246458;61796.26018110586;54540.6748933682;52678.05307144299;58348.935120253205;61046.55229388824;60572.80154144454;64229.88589851165;57017.72567806501;61997.61885147532;57859.325784387765;69289.8632572004;55425.08293351124;58510.98937095657;60338.677645729884;63018.766757805;63372.65390277399;62899.0070517893;56909.452835117634;54222.457942434005;52912.262290186016;60339.965855597686;64561.87171939795;64475.514159449274;63193.270170965596;66297.88989692893;66715.03743238642;61001.87509121526;62491.67925390161;57872.99149444588;59527.71850855865;60991.285158996376;60728.78836970973;53047.842281347694;54144.389435744415;65582.15319893425;59130.04503335244;66198.10232394116;62057.054801851846;73594.39657399058;59420.48831868308;59869.604324044725;54395.221663659504;58809.055873524376;63215.589252620586;65488.01431920558;60339.350002127576;53613.911774563516;58491.16334982787;59186.82872497259;61246.89964311215;59192.603588231854;63558.91731579671;61505.71268119407;60472.162708250966;62784.724895914675;52509.0547910663;62903.94951903072;57291.37054197786;57408.85020831499;64669.694130750155;64214.18910114617;62743.281255698916;57663.02959616778;51088.09271927626;68042.66511663681;60915.35353438082;55213.439509925876;64181.30975092207;56041.52522659564;68245.53348351296;52878.25826587076;57165.90271476691;61133.812631681154;65708.37855890256;49033.949198148526;65004.645801946;61770.2152030462;63945.210366804626;63530.1898196542;59795.952896393675;61776.510773386326;52243.10519186904;58885.51900454822;65559.9322556011;61686.011475826075;58154.08244854394;54405.39343958756;58695.05501899412;60459.719561125996;59332.0632675709;54168.23789222962;58038.92940352691;62516.77315634568;68185.62911213747;68888.56376445372;48199.32181039874;62900.669437925186;59636.316869006325;60481.661822113936;61638.65005805982;63218.78284660701;65149.534422500496;64590.619933298076;65311.380261801445;55580.78062309361;58331.57188323438;65128.316579443075;67524.82909700795;53552.620198528886;62789.23871545948;58286.403731765095;71438.01829165555;67960.00475945181;62972.94874373339;65085.840511990136;55927.92032653943;57916.309151553425;58744.50122166865;57895.70317409621;66487.51621148048;60912.355163784385;66329.32778761812;71015.963775623;64194.85489518173;56147.37170994161;59715.566325098116;58219.112960397724;62135.77193331784;65205.52019148191;67415.51372617872;69673.39652044619;66468.95153196328;58490.96958561953;60144.37145588945;62261.01824762831;56311.74728253296;70598.99528031246;71516.01073980941;55535.81146931664;57833.98203804259;56943.922801880784;62203.153289413065;54431.104215460255;54209.184330035976;53206.661998925236;61870.14593210248;59761.839481365176;60286.6802293822;53267.93501663151;70491.2506846068;64353.04021998997;62407.23243424601;51950.298909134246;61918.88337329464;58614.37378715207;59072.2120614552;71259.44604946201;66148.08119576887;66721.05284248949;57916.07084032492;71348.69807856627;62391.8116826507;67790.00084046298;61143.14145611098;58172.48319095668;60630.17994755418;58191.32726942633;53314.8530072748;56324.34589115332;58952.91064135675;55887.01480348599;65614.14690030341;57149.08059913086;54519.00549401039;49872.80493135061;64336.46131230643;66388.78856239666;65044.811610038254;61245.463241345074;70383.10196582526;59829.03592926213;69351.74495766802;72754.40749175783;58918.54263495503;67115.79046809593;56998.92862900457;61034.41952448205;59035.31597526883;62122.62281150836;62634.494729046826;54987.15530593079;52087.679340792034;65503.9851531904;72798.3912623676;54584.107857690644;63668.579766678275;53936.006954156175;64969.00182175034;71791.4542868158;62680.22434638085;70106.94098497706;47140.435234840115;57702.305110581874;64118.8897998522;60796.872798309196;56114.65444040697;65295.71178675956;62123.294993538475;53093.746676524745;70201.55374966291;60402.87124284263;68072.85395312567;63014.449070943214;69201.38293893707;60843.630802150925;60933.301191794;54360.94126288499;49363.161082258826;65150.101960967375;55132.68547161821;63478.81066187045;66333.17911186331;56419.52831302196;58415.464042593674;58186.09023235133;66402.86989624074;50115.470259930065;66613.50818095563;66045.61844218685;59900.63968891362;61855.05143040378;60601.17294328785;66647.22571561809;68467.86732190027;66843.9659592941;64081.390245269824;65831.18504864443;53979.07406663191;60.0;47852.049707490085;47852.049707490085;47852.049707490085;47852.049707490085;47852.049707490085;47852.049707490085;47852.049707490085;47852.049707490085;47852.049707490085;47852.049707490085;47852.049707490085;47852.049707490085;47852.049707490085;47852.049707490085;47852.049707490085;47852.049707490085;47852.049707490085;47852.049707490085;47852.049707490085;47852.049707490085;47852.049707490085;47852.049707490085;47852.049707490085;47852.049707490085;47852.049707490085;47852.049707490085;47852.049707490085;47852.049707490085;47852.049707490085;47852.049707490085;47852.049707490085;47852.049707490085;47852.049707490085;47852.049707490085;47852.049707490085;47852.049707490085;47852.049707490085;47852.049707490085;47852.049707490085;47852.049707490085;47852.049707490085;47852.049707490085;47852.049707490085;47852.049707490085;47852.049707490085;47852.049707490085;47852.049707490085;47852.049707490085;47852.049707490085;47852.049707490085;47852.049707490085;47852.049707490085;47852.049707490085;47852.049707490085;47852.049707490085;47852.049707490085;47852.049707490085;47852.049707490085;47852.049707490085;47852.049707490085;47852.049707490085;47852.049707490085;47852.049707490085;47852.049707490085;47852.049707490085;47852.049707490085;47852.049707490085;47852.049707490085;47852.049707490085;47852.049707490085;47852.049707490085;47852.049707490085;47852.049707490085;47852.049707490085;47852.049707490085;47852.049707490085;47852.049707490085;47852.049707490085;47852.049707490085;47852.049707490085;47852.049707490085;47852.049707490085;47852.049707490085;47852.049707490085;47852.049707490085;47852.049707490085;47852.049707490085;47852.049707490085;47852.049707490085;47852.049707490085;47852.049707490085;47852.049707490085;47852.049707490085;47852.049707490085;47852.049707490085;47852.049707490085;47852.049707490085;47852.049707490085;47852.049707490085;47852.049707490085;47852.049707490085;47852.049707490085;47852.049707490085;47852.049707490085;47852.049707490085;47852.049707490085;47852.049707490085;47852.049707490085;47852.049707490085;47852.049707490085;47852.049707490085;47852.049707490085;47852.049707490085;47852.049707490085;47852.049707490085;47852.049707490085;47852.049707490085;47852.049707490085;47852.049707490085;47852.049707490085;47852.049707490085;47852.049707490085;47852.049707490085;47852.049707490085;47852.049707490085;47852.049707490085;47852.049707490085;47852.049707490085;47852.049707490085;47852.049707490085;47852.049707490085;47852.049707490085;47852.049707490085;47852.049707490085;47852.049707490085;47852.049707490085;47852.049707490085;47852.049707490085;47852.049707490085;47852.049707490085;47852.049707490085;47852.049707490085;47852.049707490085;47852.049707490085;47852.049707490085;47852.049707490085;47852.049707490085;47852.049707490085;47852.049707490085;47852.049707490085;47852.049707490085;47852.049707490085;47852.049707490085;47852.049707490085;47852.049707490085;47852.049707490085;47852.049707490085;47852.049707490085;47852.049707490085;47852.049707490085;47852.049707490085;47852.049707490085;47852.049707490085;47852.049707490085;47852.049707490085;47852.049707490085;47852.049707490085;47852.049707490085;47852.049707490085;47852.049707490085;47852.049707490085;47852.049707490085;47852.049707490085;47852.049707490085;47852.049707490085;47852.049707490085;47852.049707490085;47852.049707490085;47852.049707490085;47852.049707490085;47852.049707490085;47852.049707490085;47852.049707490085;47852.049707490085;47852.049707490085;47852.049707490085;47852.049707490085;47852.049707490085;47852.049707490085;47852.049707490085;47852.049707490085;47852.049707490085;47852.049707490085;47852.049707490085;47852.049707490085;47852.049707490085;47852.049707490085;47852.049707490085;47852.049707490085;47852.049707490085;47852.049707490085;47852.049707490085;47852.049707490085;47852.049707490085;47852.049707490085;47852.049707490085;47852.049707490085;47852.049707490085;47852.049707490085;47852.049707490085;47852.049707490085;47852.049707490085;47852.049707490085;47852.049707490085;47852.049707490085;47852.049707490085;47852.049707490085;47852.049707490085;47852.049707490085;47852.049707490085;47852.049707490085;47852.049707490085;47852.049707490085;47852.049707490085;47852.049707490085;47852.049707490085;47852.049707490085;47852.049707490085;47852.049707490085;47852.049707490085;47852.049707490085;47852.049707490085;47852.049707490085;47852.049707490085;47852.049707490085;47852.049707490085;47852.049707490085;47852.049707490085;47852.049707490085;47852.049707490085;47852.049707490085;47852.049707490085;47852.049707490085;47852.049707490085;47852.049707490085;47852.049707490085;47852.049707490085;47852.049707490085;47852.049707490085;47852.049707490085;47852.049707490085;47852.049707490085;47852.049707490085;47852.049707490085;47852.049707490085;47852.049707490085;47852.049707490085;47852.049707490085;47852.049707490085;47852.049707490085;47852.049707490085;47852.049707490085;47852.049707490085;47852.049707490085;47852.049707490085;47852.049707490085;47852.049707490085;47852.049707490085;47852.049707490085;47852.049707490085;47852.049707490085;47852.049707490085;47852.049707490085;47852.049707490085;47852.049707490085;47852.049707490085;47852.049707490085;47852.049707490085;47852.049707490085;47852.049707490085;47852.049707490085;47852.049707490085;47852.049707490085;47852.049707490085;47852.049707490085;47852.049707490085;47852.049707490085;47852.049707490085;47852.049707490085;47852.049707490085;47852.049707490085;47852.049707490085;47852.049707490085;47852.049707490085;47852.049707490085;47852.049707490085;47852.049707490085;47852.049707490085;47852.049707490085;47852.049707490085;47852.049707490085;47852.049707490085;47852.049707490085;47852.049707490085;47852.049707490085;47852.049707490085;47852.049707490085;47852.049707490085;47852.049707490085;47852.049707490085;47852.049707490085;47852.049707490085;47852.049707490085;47852.049707490085;47852.049707490085;47852.049707490085;47852.049707490085;47852.049707490085;47852.049707490085;47852.049707490085;47852.049707490085;47852.049707490085;47852.049707490085;47852.049707490085;47852.049707490085;47852.049707490085;47852.049707490085;47852.049707490085;47852.049707490085;47852.049707490085;47852.049707490085;47852.049707490085;47852.049707490085;47852.049707490085;47852.049707490085;47852.049707490085;47852.049707490085;47852.049707490085;47852.049707490085;47852.049707490085;47852.049707490085;47852.049707490085;47852.049707490085;47852.049707490085;47852.049707490085;47852.049707490085;47852.049707490085;47852.049707490085;47852.049707490085;47852.049707490085;47852.049707490085;47852.049707490085;47852.049707490085;47852.049707490085;47852.049707490085;47852.049707490085;47852.049707490085;47852.049707490085;47852.049707490085;47852.049707490085;47852.049707490085;47852.049707490085;47852.049707490085;47852.049707490085;47852.049707490085;47852.049707490085;47852.049707490085;47852.049707490085;47852.049707490085;47852.049707490085;47852.049707490085;47852.049707490085;47852.049707490085;47852.049707490085;47852.049707490085;47852.049707490085;47852.049707490085;47852.049707490085;47852.049707490085;47852.049707490085;47852.049707490085;47852.049707490085;47852.049707490085;47852.049707490085;47852.049707490085;47852.049707490085;47852.049707490085;47852.049707490085;47852.049707490085;47852.049707490085;47852.049707490085;47852.049707490085;47852.049707490085;47852.049707490085;47852.049707490085;47852.049707490085;47852.049707490085;47852.049707490085;47852.049707490085;47852.049707490085;47852.049707490085;47852.049707490085;47852.049707490085;47852.049707490085;47852.049707490085;47852.049707490085;47852.049707490085;47852.049707490085;47852.049707490085;47852.049707490085;47852.049707490085;47852.049707490085;47852.049707490085;47852.049707490085;47852.049707490085;47852.049707490085;47852.049707490085;47852.049707490085;47852.049707490085;47852.049707490085;47852.049707490085;47852.049707490085;47852.049707490085;47852.049707490085;47852.049707490085;47852.049707490085;47852.049707490085;47852.049707490085;47852.049707490085;47852.049707490085;47852.049707490085;47852.049707490085;47852.049707490085;47852.049707490085;47852.049707490085;47852.049707490085;47852.049707490085;47852.049707490085;47852.049707490085;47852.049707490085;47852.049707490085;47852.049707490085;47852.049707490085;47852.049707490085;47852.049707490085;47852.049707490085;47852.049707490085;47852.049707490085;47852.049707490085;47852.049707490085;47852.049707490085;47852.049707490085;47852.049707490085;47852.049707490085;47852.049707490085;47852.049707490085;47852.049707490085;47852.049707490085;47852.049707490085;47852.049707490085;47852.049707490085;47852.049707490085;47852.049707490085;47852.049707490085;47852.049707490085;47852.049707490085;47852.049707490085;47852.049707490085;47852.049707490085;47852.049707490085;47852.049707490085;47852.049707490085;47852.049707490085;47852.049707490085;47852.049707490085;47852.049707490085;47852.049707490085;47852.049707490085;47852.049707490085;47852.049707490085;47852.049707490085;47852.049707490085;47852.049707490085;47852.049707490085;47852.049707490085;47852.049707490085;47852.049707490085;47852.049707490085;47852.049707490085;47852.049707490085;47852.049707490085;47852.049707490085;47852.049707490085;47852.049707490085;47852.049707490085;47852.049707490085;47852.049707490085;47852.049707490085;47852.049707490085;47852.049707490085;62.6;56194.34803445707;52084.67115461847;64496.421748872264;52742.14249298586;61839.982482899686;59406.81996342254;54399.661097978664;62216.11190367097;53840.393357539506;54337.47409237208;53519.30716255252;57666.527842030264;55237.12341348587;60730.5833271366;60595.77609766724;60864.45324923317;55442.41435692315;53465.16380062656;61824.02803021438;62106.23175116382;57173.95848242637;58667.19690101234;63612.74864099373;53439.12562268667;56182.19676141022;53298.279808050705;55958.33054085936;56566.6437998797;57562.03843040565;56475.96611686135;60077.60997812674;60179.137924645096;66739.70260091717;62000.471660157506;61548.20211980728;64191.76523273706;62042.378958640635;54955.80233045356;64947.08630174821;60233.1808370137;59400.63808718906;61339.86875681077;59094.95810858811;59431.823702331545;60219.65364613557;55081.04733087073;59695.031492922004;56105.320540824294;53516.42519356067;60901.758366967566;58072.78546438928;61063.53472907662;59733.50077284993;58381.904997883335;53531.56930931306;52988.32217901093;56663.53657647648;57420.938285834374;62663.04542420374;58721.46181922293;51627.26935756758;62478.422396960465;59061.126666669166;53784.97103159549;59612.988783804554;59672.18471104982;67243.22255560882;59787.24606451052;51536.820575598904;63314.91128070071;53972.06840555796;61927.16462412402;63778.06183889296;61472.21264172616;56879.45973772792;56023.67685383254;53461.915102708;56589.99419108132;57615.603623506235;63881.55581615695;53479.55399026249;54292.86988697664;48924.20274637538;56320.135701573934;54110.77821927433;61769.46476353193;54816.30989375406;54717.000295667895;62152.14470271788;59026.63967942394;59115.45624279071;59021.94120243809;62524.89243572763;59225.8699306659;59788.17686975986;64489.563978074744;55926.71322092115;56768.10939990777;60447.416491300086;60477.39413275082;60952.93888992106;55310.43897840859;58792.73272707566;57149.87245291678;54944.00294727161;58211.808439530374;58580.308547782566;51633.90906752368;58569.14613399883;56051.81451739504;66980.1320852325;56891.85572157243;62471.784614587006;53130.52141890084;59264.94366144108;62173.23222862261;64824.59722450854;58135.02164767045;62315.869664102735;59707.56207358773;59103.64384476624;66092.88091401983;63675.404447788984;61292.34948193608;57192.259632226254;56732.14641850714;62451.58914371811;62680.15475959942;62583.23894646218;52830.8827855674;59389.9597265675;50842.14979528573;61793.04059679386;60179.099801376055;58086.4668742545;59199.87117644517;57404.19671642993;58094.609631143874;67619.19363185366;59890.42903502482;62234.92936333841;61970.837681552424;55599.42667860862;61190.28123408998;59851.78211004833;58977.21233206875;62553.59221088793;58125.80074895614;51137.38356527171;54555.57533351008;62271.59043638779;55799.13750891323;63705.396111089736;58513.985125230756;67758.60559667737;56832.90635788797;56106.445186118275;57204.67220894026;59886.05488646557;65931.58013849388;57564.7830472113;61383.816272002296;57201.51457042307;48900.53117059427;56831.59724295928;54245.38459628963;61640.14021587263;60476.49136453146;60106.38142614979;62861.09460273034;59015.75025837851;60418.910680278;56950.84211846789;53355.038993253256;63137.75416546307;60083.2797152221;46970.68670652823;52480.66959786188;67357.08239942144;65616.55907905074;55379.73390974878;58399.45523417521;56939.682897072635;57725.71456675013;60171.16455737357;52732.49458399112;59892.96099058306;60664.82625420124;57859.24382321252;55069.8828993108;57287.986742377296;56535.887735884586;57190.434388964466;46601.42676787902;59852.57704464162;57057.521857699874;55943.050359336834;66337.39917839726;62144.17855758076;56370.28891912077;60682.15385880266;57163.77302398329;62419.609915484936;59354.79341128328;56233.024925298;56843.20033506215;55327.98514742911;49707.57037969168;60512.14872959825;56928.62128866924;52795.08866459843;62866.52603532359;64009.106298168015;62933.888866319336;60123.758182330814;53592.87520489651;60891.09750200497;55063.374774741555;56520.11072765059;62095.69228937626;56336.16437720832;56517.717798000216;61365.073908224775;60291.715533057126;65542.02447751061;62371.305201881216;50184.26759115674;60339.39774877441;63274.70119774569;58477.54061083868;60055.81310045011;46881.47998653958;59458.62129094229;51882.49440631944;68805.93720378986;62114.59150691821;52273.8183879476;53911.57028178436;56094.127266513315;59995.82706977622;66094.20176593357;57735.861287740016;54575.13083529555;54839.245182808285;65113.06005312067;70726.877342003;53911.065345726456;58762.91089485753;59557.95189341888;58370.50761378759;57078.94452952035;62945.28392102625;59266.32933452014;61245.90783552127;59972.48698797596;57261.03027962743;58728.531144200824;60618.56823381783;59997.244651162706;54269.374786676606;56664.54760414637;57330.53616689392;59792.87553289783;57453.82833457133;57733.572084511645;53317.609508797395;68196.14105598355;55891.099952267374;59250.04380379967;50157.15100173215;58322.67937442595;58674.685059183816;57704.78493991462;57671.73837622259;58175.57100576396;60740.806848373264;58629.86523337271;57849.37886824047;57641.97893147211;49146.089512434075;56031.11519088938;55557.81824931584;64850.15313646759;57208.96357033501;52926.39554889407;59620.96711532881;49276.61980359041;53318.19518216625;57245.613448006974;58404.18215046891;57866.27583775117;62042.3345437545;57202.760062143505;55889.88036220151;51431.51760023068;57419.223147785786;53606.21736137834;66647.10337080256;60685.5590489874;50986.55376138531;55122.23232504049;56578.927566952814;57925.21330547417;55084.735983420105;53526.01913225924;58089.829407380945;59772.935639344345;54995.30749314145;62556.55136642365;56578.58795130346;59278.03109088744;60149.432419220946;61929.19463967219;67146.04613135917;59909.06226260908;56246.67018734421;61581.95734295143;53742.24239728386;55863.254756483555;59940.585741059695;56313.072198980866;57218.77636515719;66028.37698762846;48070.9302595861;54190.7293039112;60889.98448378418;50330.77090002298;57711.8746469692;60534.55393405119;58589.60312155473;55093.68452314442;55222.676037112746;60419.00796295628;56944.14777235728;58433.35071052353;60623.91204407323;54706.03993220713;48597.677406441835;62814.936767381936;64960.47068271536;54998.70769306466;61318.49120543592;51437.4925066891;51005.508827016834;62318.26204588846;54616.9816598;60016.26755932825;51578.068616739554;50277.83135251257;58917.00491880927;62305.91809194599;66595.48702423785;61794.573857065596;66014.23922090583;52059.27000445327;57616.56892979325;61607.659507664706;52269.854307621936;66497.34014688994;63980.69330259858;55628.868850650426;51018.32550383921;57014.15559280953;61122.89471950835;52663.11848449973;56622.81515253271;56446.89634573617;54774.66467734272;53022.3571508463;59704.43881484694;54508.548718166494;62276.51294631143;49066.25942060572;50569.124860036725;56860.814854826385;62344.546609219455;53211.53103630734;60723.34993820985;55251.37701680803;58572.947212588086;60204.944145641595;57949.58630008128;66013.4858631928;62831.103884556214;56936.60908068454;53760.072124117556;53888.72966675229;62330.029955693855;52150.20675951669;53039.65562549833;64144.48341697389;55999.41415851512;61960.92731360675;57024.73791139832;60909.58291233516;57279.062081956516;54739.541740815344;55047.18593464792;58775.14843260209;52333.75117929054;52523.1379190336;55885.1961137131;60990.56957215454;58416.69373413599;59041.283582846925;54670.18655319135;57141.598196611376;61612.68431732105;60222.62723307652;60397.39085378764;67151.36217750896;60528.45180834526;61508.95644141437;56461.3871545905;49662.17784567214;65759.1476533138;60246.03745349934;59720.35194523234;59592.32930642628;55312.155951328445;51199.13310569042;57893.36221060921;60677.34552893284;60625.248725527956;43795.19193156365;58215.271795048655;54144.93238232119;61308.024881282545;62902.35705576037;58379.79068356115;54124.600999524555;65157.91168793016;53618.00515144928;61969.14995365725;59441.18979848544;56733.23066231371;61001.956232635945;59098.602119118535;55174.06860110201;61335.55061055683;63328.12023446878;55229.91510269209;60148.11172200649;56848.70424455941;57289.82072657963;59476.310207776274;60047.11131817989;58808.8439691979;62425.20372096101;58452.16529583286;64300.2053228024;62351.17305095418;65307.086936305874;59829.84123913276;60185.12440547325;55718.863338626295;57417.57870295907;57995.68536373903;73283.33892114233;51540.52789243382;57094.93274938644;58588.58508614952;55041.704112389096;58031.66736739957;57835.602661068886;60700.87643592654;51331.42581140626;59592.4267655124;57876.55310670253;54849.37100652236;57402.6499998534;60442.25674078513;59857.103018038266;65185.78546253548;59605.06867003145;62953.136827630326;55614.55235949575;57349.105446225956;58465.90175646238;59154.513341821104;57576.49469874753;61019.28235977559;60694.69543806826;52957.36332796131;55424.22899181738;59656.57819033557;60281.18709809311;60407.7522717563;63207.24215257798;50192.01170127354;61643.630332410045;53890.04547401403;59234.45901715521;57787.74124789024;57199.062161447015;51846.87666173441;57845.50000592284;54319.434596721025;57872.87058131429;63866.175316471825;60.0
8;72.984;39942.140660634315;39942.140660634315;39942.140660634315;39942.140660634315;39942.140660634315;39942.140660634315;39942.140660634315;39942.140660634315;39942.140660634315;39942.140660634315;39942.140660634315;39942.140660634315;39942.140660634315;39942.140660634315;39942.140660634315;39942.140660634315;39942.140660634315;39942.140660634315;39942.140660634315;39942.140660634315;39942.140660634315;39942.140660634315;39942.140660634315;39942.140660634315;39942.140660634315;39942.140660634315;39942.140660634315;39942.140660634315;39942.140660634315;39942.140660634315;39942.140660634315;39942.140660634315;39942.140660634315;39942.140660634315;39942.140660634315;39942.140660634315;39942.140660634315;39942.140660634315;39942.140660634315;39942.140660634315;39942.140660634315;39942.140660634315;39942.140660634315;39942.140660634315;39942.140660634315;39942.140660634315;39942.140660634315;39942.140660634315;39942.140660634315;39942.140660634315;39942.140660634315;39942.140660634315;39942.140660634315;39942.140660634315;39942.140660634315;39942.140660634315;39942.140660634315;39942.140660634315;39942.140660634315;39942.140660634315;39942.140660634315;39942.140660634315;39942.140660634315;39942.140660634315;39942.140660634315;39942.140660634315;39942.140660634315;39942.140660634315;39942.140660634315;39942.140660634315;39942.140660634315;39942.140660634315;39942.140660634315;39942.140660634315;39942.140660634315;39942.140660634315;39942.140660634315;39942.140660634315;39942.140660634315;39942.140660634315;39942.140660634315;39942.140660634315;39942.140660634315;39942.140660634315;39942.140660634315;39942.140660634315;39942.140660634315;39942.140660634315;39942.140660634315;39942.140660634315;39942.140660634315;39942.140660634315;39942.140660634315;39942.140660634315;39942.140660634315;39942.140660634315;39942.140660634315;39942.140660634315;39942.140660634315;39942.140660634315;39942.140660634315;39942.140660634315;39942.140660634315;39942.140660634315;39942.140660634315;39942.140660634315;39942.140660634315;39942.140660634315;39942.140660634315;39942.140660634315;39942.140660634315;39942.140660634315;39942.140660634315;39942.140660634315;39942.140660634315;39942.140660634315;39942.140660634315;39942.140660634315;39942.140660634315;39942.140660634315;39942.140660634315;39942.140660634315;39942.140660634315;39942.140660634315;39942.140660634315;39942.140660634315;39942.140660634315;39942.140660634315;39942.140660634315;39942.140660634315;39942.140660634315;39942.140660634315;39942.140660634315;39942.140660634315;39942.140660634315;39942.140660634315;39942.140660634315;39942.140660634315;39942.140660634315;39942.140660634315;39942.140660634315;39942.140660634315;39942.140660634315;39942.140660634315;39942.140660634315;39942.140660634315;39942.140660634315;39942.140660634315;39942.140660634315;39942.140660634315;39942.140660634315;39942.140660634315;39942.140660634315;39942.140660634315;39942.140660634315;39942.140660634315;39942.140660634315;39942.140660634315;39942.140660634315;39942.140660634315;39942.140660634315;39942.140660634315;39942.140660634315;39942.140660634315;39942.140660634315;39942.140660634315;39942.140660634315;39942.140660634315;39942.140660634315;39942.140660634315;39942.140660634315;39942.140660634315;39942.140660634315;39942.140660634315;39942.140660634315;39942.140660634315;39942.140660634315;39942.140660634315;39942.140660634315;39942.140660634315;39942.140660634315;39942.140660634315;39942.140660634315;39942.140660634315;39942.140660634315;39942.140660634315;39942.140660634315;39942.140660634315;39942.140660634315;39942.140660634315;39942.140660634315;39942.140660634315;39942.140660634315;39942.140660634315;39942.140660634315;39942.140660634315;39942.140660634315;39942.140660634315;39942.140660634315;39942.140660634315;39942.140660634315;39942.140660634315;39942.140660634315;39942.140660634315;39942.140660634315;39942.140660634315;39942.140660634315;39942.140660634315;39942.140660634315;39942.140660634315;39942.140660634315;39942.140660634315;39942.140660634315;39942.140660634315;39942.140660634315;39942.140660634315;39942.140660634315;39942.140660634315;39942.140660634315;39942.140660634315;39942.140660634315;39942.140660634315;39942.140660634315;39942.140660634315;39942.140660634315;39942.140660634315;39942.140660634315;39942.140660634315;39942.140660634315;39942.140660634315;39942.140660634315;39942.140660634315;39942.140660634315;39942.140660634315;39942.140660634315;39942.140660634315;39942.140660634315;39942.140660634315;39942.140660634315;39942.140660634315;39942.140660634315;39942.140660634315;39942.140660634315;39942.140660634315;39942.140660634315;39942.140660634315;39942.140660634315;39942.140660634315;39942.140660634315;39942.140660634315;39942.140660634315;39942.140660634315;39942.140660634315;39942.140660634315;39942.140660634315;39942.140660634315;39942.140660634315;39942.140660634315;39942.140660634315;39942.140660634315;39942.140660634315;39942.140660634315;39942.140660634315;39942.140660634315;39942.140660634315;39942.140660634315;39942.140660634315;39942.140660634315;39942.140660634315;39942.140660634315;39942.140660634315;39942.140660634315;39942.140660634315;39942.140660634315;39942.140660634315;39942.140660634315;39942.140660634315;39942.140660634315;39942.140660634315;39942.140660634315;39942.140660634315;39942.140660634315;39942.140660634315;39942.140660634315;39942.140660634315;39942.140660634315;39942.140660634315;39942.140660634315;39942.140660634315;39942.140660634315;39942.140660634315;39942.140660634315;39942.140660634315;39942.140660634315;39942.140660634315;39942.140660634315;39942.140660634315;39942.140660634315;39942.140660634315;39942.140660634315;39942.140660634315;39942.140660634315;39942.140660634315;39942.140660634315;39942.140660634315;39942.140660634315;39942.140660634315;39942.140660634315;39942.140660634315;39942.140660634315;39942.140660634315;39942.140660634315;39942.140660634315;39942.140660634315;39942.140660634315;39942.140660634315;39942.140660634315;39942.140660634315;39942.140660634315;39942.140660634315;39942.140660634315;39942.140660634315;39942.140660634315;39942.140660634315;39942.140660634315;39942.140660634315;39942.140660634315;39942.140660634315;39942.140660634315;39942.140660634315;39942.140660634315;39942.140660634315;39942.140660634315;39942.140660634315;39942.140660634315;39942.140660634315;39942.140660634315;39942.140660634315;39942.140660634315;39942.140660634315;39942.140660634315;39942.140660634315;39942.140660634315;39942.140660634315;39942.140660634315;39942.140660634315;39942.140660634315;39942.140660634315;39942.140660634315;39942.140660634315;39942.140660634315;39942.140660634315;39942.140660634315;39942.140660634315;39942.140660634315;39942.140660634315;39942.140660634315;39942.140660634315;39942.140660634315;39942.140660634315;39942.140660634315;39942.140660634315;39942.140660634315;39942.140660634315;39942.140660634315;39942.140660634315;39942.140660634315;39942.140660634315;39942.140660634315;39942.140660634315;39942.140660634315;39942.140660634315;39942.140660634315;39942.140660634315;39942.140660634315;39942.140660634315;39942.140660634315;39942.140660634315;39942.140660634315;39942.140660634315;39942.140660634315;39942.140660634315;39942.140660634315;39942.140660634315;39942.140660634315;39942.140660634315;39942.140660634315;39942.140660634315;39942.140660634315;39942.140660634315;39942.140660634315;39942.140660634315;39942.140660634315;39942.140660634315;39942.140660634315;39942.140660634315;39942.140660634315;39942.140660634315;39942.140660634315;39942.140660634315;39942.140660634315;39942.140660634315;39942.140660634315;39942.140660634315;39942.140660634315;39942.140660634315;39942.140660634315;39942.140660634315;39942.140660634315;39942.140660634315;39942.140660634315;39942.140660634315;39942.140660634315;39942.140660634315;39942.140660634315;39942.140660634315;39942.140660634315;39942.140660634315;39942.140660634315;39942.140660634315;39942.140660634315;39942.140660634315;39942.140660634315;39942.140660634315;39942.140660634315;39942.140660634315;39942.140660634315;39942.140660634315;39942.140660634315;39942.140660634315;39942.140660634315;39942.140660634315;39942.140660634315;39942.140660634315;39942.140660634315;39942.140660634315;39942.140660634315;39942.140660634315;39942.140660634315;39942.140660634315;39942.140660634315;39942.140660634315;39942.140660634315;39942.140660634315;39942.140660634315;39942.140660634315;39942.140660634315;39942.140660634315;39942.140660634315;39942.140660634315;39942.140660634315;39942.140660634315;39942.140660634315;39942.140660634315;39942.140660634315;39942.140660634315;39942.140660634315;39942.140660634315;39942.140660634315;39942.140660634315;39942.140660634315;39942.140660634315;39942.140660634315;39942.140660634315;39942.140660634315;39942.140660634315;39942.140660634315;39942.140660634315;39942.140660634315;39942.140660634315;39942.140660634315;39942.140660634315;39942.140660634315;39942.140660634315;39942.140660634315;39942.140660634315;39942.140660634315;39942.140660634315;39942.140660634315;39942.140660634315;39942.140660634315;39942.140660634315;39942.140660634315;39942.140660634315;39942.140660634315;39942.140660634315;39942.140660634315;39942.140660634315;39942.140660634315;39942.140660634315;39942.140660634315;39942.140660634315;39942.140660634315;39942.140660634315;39942.140660634315;39942.140660634315;39942.140660634315;39942.140660634315;39942.140660634315;39942.140660634315;76812.50439587666;77889.25416624306;73986.78669191428;74498.15701500137;78495.11224300617;73309.43109016214;69574.93334607633;76002.74357409605;75514.93807726343;74902.53068895562;71476.55615144398;68859.11139995736;75012.31875906329;73864.20215042421;72632.04946230658;70766.66987080825;72583.1872259368;71307.3447255429;72513.92023581409;78271.33837545174;76087.57351877447;76169.77883495812;71733.16446164699;75698.81440009271;74392.14265186987;72396.60972941719;73763.20139945194;76256.31600932076;74136.39265754996;74444.21649141354;75025.20636119184;72402.18062323626;72129.85885059301;82752.08000421179;70007.65347405174;72493.74164083258;73247.80490611357;74911.64951211256;72350.95758094074;76106.8757204881;73692.38449864334;72928.0681665413;73538.25204444157;73317.01685467135;78511.5099194796;69237.35951126767;76124.15173308714;75346.68335794169;74063.58358239991;76499.57531674909;75406.17574595554;72447.03929560303;76551.64947287439;78468.1078125981;74279.05510213562;72270.76071346656;73973.41454367706;72888.369047682;78381.38605335877;75837.9862514916;74195.32114779795;74667.31493850064;77291.25589813942;74486.42998758674;75004.5460572245;71693.29345264367;73588.82823167674;74435.95704030177;77635.11973750162;74911.58374199517;74384.6049294182;73585.14692446054;70143.71365339744;67436.20602783562;73687.70847900724;79417.29175225418;79934.04570849834;70468.07688707109;72978.33206716749;74799.4313251022;76400.29662647267;77064.84327321262;71026.97966625259;75355.96460562441;74802.88551037377;75183.0105716117;74006.55219548175;79909.85575490215;74046.17749931946;77372.25701350287;71701.73420804655;75870.62770474938;74432.58890739773;77249.06832993128;72327.72254329853;74738.64356129232;74699.00402713555;77294.47632882392;79922.16672819784;77068.80085346798;74843.38448713424;76889.54739525684;75625.35016914138;73564.83310503134;75045.29165521178;78585.15351273076;74278.51626553787;75420.68720442143;75051.16381849027;74813.71226168286;70531.71885249058;74445.06418283818;76692.76845333213;77400.34661949359;73180.60262610074;73414.63892102713;73342.13951532356;76370.74904592316;77125.97792056702;72759.1327549134;74894.95708630381;75298.34651157288;72212.58348701199;70199.43331828737;76195.05942660614;77648.97574015008;72870.31764189801;77382.1514201551;76261.16682980298;74375.72268931495;74111.05497571865;80197.24789749207;74490.8144867901;78088.09011614745;73492.02094480039;74250.56409150068;73580.35425417872;75125.60653453346;72196.94947124759;74166.04189885454;76026.5941981438;66701.45237757299;74461.62941462485;74102.72351806941;72461.56630657513;71848.21521377937;72026.25643171843;72382.22516238947;80503.17398712705;75490.10858459666;76816.68797172447;75253.48396675341;72509.69129970577;72742.77579755704;75942.10072796141;76554.83527560155;76844.89287539278;75676.42938363133;76240.15328106258;78570.81511896194;75154.49743310278;74270.0932832509;76042.51166229854;74577.05591926402;76107.92862643066;73580.0523871796;74677.16849728559;71137.39742394164;76418.15054179376;78484.92955238503;74186.14126215519;75305.85490256941;78346.4221637412;79489.64241314313;76811.10678422004;68753.98455676506;69767.19233787195;75766.8278524036;73139.3685182362;75943.7271931861;77298.35385283483;74001.60908149072;75672.87037552727;72301.29730857437;74200.91636472517;72077.48535105135;74106.60710580941;73455.82138576411;72085.3577457061;73720.42562611241;79570.12596254391;75318.72796391051;76158.72001828265;71716.99199134883;75183.49199385145;69002.82917566027;76780.45812910004;75338.87196717187;71057.512609105;74461.02780492534;77184.02257340489;73889.97154932735;75226.70542714934;74723.36622404198;79231.98968455508;72639.24443240916;78824.00482016784;75784.16125819691;70981.06999128865;76240.16936248349;74659.4698745575;75297.29215095352;75206.12512727326;74200.50348119777;73002.30471423279;76547.92112863285;72197.65836180885;75179.46228079841;73299.92796569808;73780.88274674755;76188.24455952345;72569.52319305853;75361.79597902168;69702.35909603111;75283.85810349857;73670.68088354281;73942.91040816414;72001.98813831992;79904.84215394151;73624.21219318018;75012.04192673389;74261.5064715593;74329.95318839152;71956.77302067369;71346.52106283106;69792.51706748974;77040.94791011926;73494.32498891494;70614.71227904162;75740.83897714656;75190.9598621274;75719.9830075084;73420.94465479141;72676.39306536617;71589.12568745462;76851.41689116968;76602.42565099582;74937.18594937627;68868.49044867486;79580.7030202418;78495.96259753486;72306.6461798517;76960.2656334275;77082.12930614487;76095.17703549666;73097.38079996679;74862.3133176243;76737.78135747055;75820.22590854621;77176.41369038081;78861.90845197448;74008.43958054954;77064.39258168913;74632.27345036677;75889.41588038047;72102.78724586173;71977.21674263997;72088.21926145317;72300.91483837298;74201.0493991345;75528.26991625864;73585.03613816664;78275.65234063435;71795.386392918;75456.37023698588;76540.49333183616;72205.26425648344;76206.60438000185;76992.13769725701;76288.88506508878;77195.88904714784;79752.92852231943;71268.75261062999;75331.80659146793;74508.83435411242;74534.19109460554;75786.87344802782;79543.01577448273;74142.574829174;70418.89437411878;76350.46557015371;71043.07932357893;74077.52587318857;76375.80637293629;77457.01447711728;79388.44484787749;74387.50819966264;77112.24562424743;76585.06079045932;73527.18573201582;74410.77046745531;78763.2756877592;74345.7406858716;70872.41109555858;77255.35521049572;77188.70103268947;77600.06621849016;73690.96106861452;70757.87713589132;80510.28979947197;78103.52499557094;77052.18597737973;74405.22410357816;74192.17496374281;77490.83494520385;75528.66702609943;71360.02604892218;74339.79382350549;77853.99748483468;72236.26655683295;74056.3751534311;78566.78920911535;72175.35813682433;75441.25236040009;73066.714672321;73904.19778174841;75305.00252100996;71751.35797236358;73945.24991732025;73132.07703672406;73371.40252978099;71523.29284136274;74467.52655910826;76598.40928221014;75550.10428980063;78886.35721383386;72428.73926106705;72406.44360342053;75749.27953987589;77581.70958648351;72708.0882659854;77791.59552869032;75563.95789765634;75755.98015458419;74197.98341287275;75357.7704501499;73229.67649987178;77540.80699546085;70842.19391650912;75402.66114431742;69619.38845307395;69279.36560340963;70839.79293889122;74373.4134094577;73922.10580225036;76175.51366759266;72230.92759418274;76634.46962810606;71054.79711866508;70202.07811261299;76096.74098758305;77084.29376403718;74717.62949127587;75268.55151992702;75576.06711095451;71475.16496957737;74456.53760203067;70938.24648528874;72164.65031879504;74500.35597561795;75207.93523533005;76016.13405060221;77592.43275852739;74570.58589366655;77559.68181904861;75575.7040249463;75788.57338184143;80247.52341176571;70012.80704332452;70042.86322432355;75935.66198127705;71692.75124863916;76161.56358214607;71302.07255430496;77922.38797806337;71588.33839800947;75269.6663986439;79702.44706102926;77354.32340442689;74197.07585809266;73963.02949872876;72890.17190200079;73339.5012312444;73897.97175971657;72839.67442208572;69599.44870516754;71697.02685898944;79367.47479110037;75641.84814194823;74653.74744786628;72357.33086915371;75390.18446621817;77207.90572863673;71447.90406643914;80872.33532042956;76168.71507214941;71535.91351548175;70210.54729325598;74876.8289964334;77495.43019527625;75204.31374099612;74539.470374133;78359.66809639006;70232.48236682218;79976.92904228867;74733.88531769771;73202.09739542584;77065.55827370971;74640.3854745154;74696.21273388728;69822.24507980168;78483.84683791136;72894.95405446668;72719.34728603615;76743.25546586108;65917.38175455407;75431.72887232566;80784.68355535119;70325.10813014282;75368.47564425836;74769.24908045349;76899.09121860474;72015.43192231204;79424.12404046426;74439.07820142969;73118.19455117284;75790.69883765433;74515.27424919842;75866.70952836376;74696.25107240345;73499.5880143804;72187.77800988313;75768.48736871747;74380.40667578229;76296.69982630192;74255.65442783265;77995.45151882133;77031.18749472735;72617.49923203027;78571.5217739439;71491.17121800182;74109.43791496161;76849.07718993572;76077.00085435668;71665.63033302936;77870.9795088449;73098.75844913353;70709.14151366017;78521.78086569515;71392.71239667156;79392.33764930017;73672.63157184958;73789.91655520465;73280.98092539629;79238.5947625517;72455.81190882545;75208.16496214106;77260.55170749138;75436.56925425782;72334.3172222673;72844.09770986842;76589.70278470323;76147.69966929017;74421.66094806806;77679.15165283394;74383.75206614455;71500.4588592681;73207.45295169731;73776.9318197788;73841.58976348852;73892.3867724344;77099.50038838774;76704.66112457924;69602.55895731831;79286.3616975659;79492.80990524765;69769.73596194848;77110.44544747048;72736.26863788732;74497.44566649632;75128.21618453889;73969.54349418386;75674.14764364026;71507.80227525487;78094.76208095264;72785.62117684062;75221.07801330331;71934.9835166229;77186.46313952713;74745.38111759492;70.0;50519.7253792271;60948.26434603972;57452.04028936527;44563.22393211756;59377.81588125121;51171.3372286351;43215.64317596514;65486.202734633465;49688.46349113552;42624.18591203364;60084.433235081124;54117.62186343991;58981.476485726365;37953.492302523424;47643.42953775292;48377.99134667152;57857.72960180633;62036.774051875575;59878.68885431336;50181.951394607975;53086.543203892536;60521.176515295214;51097.27944653995;56368.039412045895;57658.58009909497;54230.89939713379;52760.18602643127;45804.93177203125;47167.191370763176;49501.78524461137;51872.6839820562;56431.374246505235;63881.87042339428;69190.43502075461;49310.848312858005;57794.579197801366;53955.746305087014;67368.53924461812;43125.285924723416;55676.390978165065;63948.142343892425;56553.47922495289;52227.43566234283;52340.28743311224;52621.62986089028;58261.57316307116;51990.056439013366;58458.98080199101;50607.43324404828;57047.18980114008;61462.880138202236;59585.83178852923;53810.68739285882;49161.96141464917;44296.516100140856;54244.45160962235;54455.208961670935;41224.556015912654;56917.216578243984;54321.26019508908;48893.01329220949;49704.59931453584;57297.98110203582;62330.223278203164;49580.6615800742;60341.24088771585;56635.05586976424;46509.091242336224;57453.1965744296;51696.75490517329;64130.50572933396;58869.948349021484;51853.653065984494;56474.089802227325;51247.56303429667;52862.801454520486;56886.415161776415;55233.83879149519;48984.74917150523;67410.94736276715;64811.452110705635;44717.39953317581;47038.273279793495;52156.41678303754;52690.439297637226;59605.93367460142;52697.35322000081;53657.148975820324;52876.24092246912;64235.86257766668;44362.06966032082;58591.99261678876;60260.53431406521;59750.291610453874;51208.21050676973;50005.78272150533;62543.601841234726;68369.29409266051;52590.510567291174;56431.265551718214;62502.50542987816;58663.39378759326;53419.523266826305;49908.456373518966;71914.77866004179;49640.252259541914;56974.6779913533;61570.762111768825;49410.116733957686;56377.44135244207;47331.182447696105;58755.119313200645;34186.48320664621;73558.12383147942;50383.90726209623;56240.08340111152;61588.16105531128;63233.205766439314;41848.967191852185;52359.13806877541;57503.507172624435;54257.11092731129;58114.355172012976;56494.28192042626;49527.766065751224;60699.13074943253;57416.4722097404;62619.93177763336;45493.28796570658;50914.01732769334;49955.222712151175;60318.54257518277;69904.55057748397;56921.1172813325;47848.855303839366;66898.12287129102;58601.823266766056;53504.64894371162;42410.34453173223;45850.54453433153;54851.411763813136;58643.339208637764;59136.30681827588;50749.47343080476;54776.917069953655;71495.30567874153;55348.967344929275;49180.72358793176;53678.584352084334;59076.62385450928;61248.879925816436;45218.82509318577;53068.023510809726;62544.7710827358;45942.190364675684;61956.232930737526;58136.922130881074;49374.91679464129;61695.0712273892;57418.519186341364;56231.60150587305;51150.0102702327;52192.227220771376;58697.607747545924;46633.32986282405;50159.61549018791;48758.038220752576;48574.4205368618;56937.43841172324;47394.628392650666;64305.5248959522;48064.87413987185;44916.16703466568;49440.47568384873;58370.013834838624;51090.516949242156;56423.77666765697;63889.66437725152;66712.96806305018;45903.44036510834;55372.08469168405;53438.17475021816;49434.66724664367;57712.97102315497;61235.3216038682;57594.40830704336;59428.77903685076;42407.10960813053;51789.61702709835;42971.24951848437;73803.77154522258;53479.35477904954;56896.57341616476;68784.09804227919;46040.3359766097;60968.02815572637;52530.52283010123;47779.62297880892;65902.15022166801;63239.413921888074;59874.62601528582;59685.83047180888;58013.97670241617;64280.78484692875;54593.443638348566;62294.36237457544;39278.422187869495;51537.53635951941;58311.975222106434;55809.99461700843;60297.43487311202;49660.288812406856;50819.83580209044;52885.86257312833;61246.016476924764;63885.79288946211;51471.147549741065;60382.92743890244;52500.802989346026;54607.232931298895;59124.863930327214;66614.30409712321;64348.261673525885;60916.084428588896;50141.99081869998;66802.16558850271;55504.99257982247;53478.150622028515;65825.01342350723;59880.94016393119;49907.07008963981;50638.42448105832;62401.04459623984;70158.67064315663;56834.26634496862;43925.464396164796;49306.53519571076;56516.03086059191;47108.31451375524;56100.40424620066;46329.41867459637;62353.14422490744;49981.359494853095;56346.946521945225;55323.94493813022;62442.49089423067;55043.627582770656;58130.37102455213;49879.77959781249;61170.341275211984;45034.781377642736;61986.47503257446;61666.600337998796;61867.32189356977;44402.049279079074;55931.60562586762;60316.93659655803;64069.6406881942;60964.72024208101;54336.97582289698;60149.3505264468;50338.836600126524;62973.862724715946;57823.00651539112;67684.28650930848;61823.00599983153;70052.93091783981;59000.96738066815;57738.2629884918;60202.02114194368;58720.09995037046;55593.907637589866;64188.325394800595;55337.492917820586;62074.71633392068;52236.571696561834;56855.35136062068;47663.24906276001;47304.833902372375;47591.62468400414;60929.22865158964;56130.77407033605;57681.34059913195;60037.639157524456;50405.87178356708;46140.996392010224;44719.21921451372;63803.74671017622;54993.65005724917;49190.36515597587;59305.428955439675;51994.774486123584;62572.835050173366;55430.70615844663;58049.269019971296;49404.622697083425;61008.7551306704;60163.175957350046;54966.74798227227;61087.898232061976;65018.62083276549;58054.410604329954;54343.03654335107;55108.58300849906;55608.14131134338;52011.790157599724;52889.93425154148;49465.83271967849;57100.88112987352;55339.661318508486;62478.12092255827;60321.74057859935;49916.55735906113;53330.34116565934;60814.69526414247;59933.55839228041;64028.40765754065;60971.68533562371;48030.229953002;49012.539295110604;55877.64866400637;58520.90057613459;61382.6745405491;73965.85636494673;38768.14331506151;54743.561148593406;58016.05632786035;58660.37639613544;56501.70109992285;50933.920573160576;49416.313053530335;38739.27565794568;61339.40521375487;63524.85223295798;63014.657126044236;56777.11702597621;63286.757132207786;55743.20585443742;70396.82223410935;68074.82109464258;53374.88947397969;40316.54445137165;60224.926610898445;50241.85485363241;50953.54945676989;50253.651348199295;57101.21056184155;66121.59618233633;49380.211252297995;66845.06790251496;56900.96111709032;57006.281412237186;48450.06963816071;69665.62171090567;54684.02562290145;67683.71464775424;59912.737001719324;51819.974126465975;55223.61541022517;61613.93921056144;53256.030216480656;56664.68430085303;51098.55971337165;53312.46539058619;59245.58172966832;55356.76687601447;36842.80307661592;46984.83587818956;54653.70772840858;50195.1903427658;58363.728146763504;58882.93122742553;58971.14146240798;48676.4654376925;58471.04554400039;48041.991216340204;45053.23361101566;46851.44398151784;49936.56236265985;54120.466283290116;53264.09414218178;55777.79988174606;54424.084543109464;52618.062806894326;54698.53217476848;47425.095547812234;66380.8104568056;53081.66738769175;52771.54975327526;64026.027769045846;53847.80266865483;54207.45927995363;55049.31469825165;43993.84852692966;61640.23936952392;53203.01502067404;58673.76429993957;58796.83633430668;60085.642858470586;55016.45736257259;55831.79275804311;67948.8687534996;54365.03861835317;60882.823715293176;49871.27952106303;61743.906444103035;61115.97808973749;51060.84300038403;62004.203813165186;48263.508307655655;53660.44729972239;45190.50295229243;45513.625417944655;60952.28571436166;50250.83486016141;50148.13541032399;57956.68462440909;56846.93984426737;69325.56950404233;52162.46136780033;59371.41366693648;63241.686724086496;50981.64441169918;54356.619507869924;65568.63123672691;57211.39669985751;49722.756664515495;54083.92961796962;52937.31171835559;63446.27044319244;53472.99885719869;54741.06948429233;62118.21628984279;48091.05020471178;67769.306123507;55858.550785398096;38076.013508169264;68671.86563384195;49795.46147012823;66257.32243162843;51855.3317455082;41706.378966403616;47625.129088119786;42085.741808728664;53939.0789382233;58647.944834635564;57836.43689843168;57976.49659744924;52730.584802763515;59061.0217358605;56126.652222018485;52377.327552277064;54844.32544567714;58271.997129704134;58306.609931888655;54700.64624420182;49672.75906504443;53959.01445830546;64187.19778084091;63085.58083803862;53546.87797541202;51090.876388900906;67563.1614639351;71850.51096494928;63133.38389794585;48153.13107912925;59946.916552729774;56059.2718579097;53303.96207530884;55992.10542574701;61824.23958270554;60020.24602827327;49882.64553762409;52781.90116733906;56865.4334170964;44606.24308695928;46786.96577370868;60225.648845051786;57711.807329075586;51834.02873870031;68573.89412731478;49640.17089119117;58202.491156197255;51947.92342690274;61455.575761247725;61875.012711515075;53672.7158350078;58464.0819420701;59307.49784770838;48557.81141054334;67683.07393898227;44501.957966111404;47436.95607767081;54740.452785517235;50675.76113295877;48881.495431323405;51170.28523082026;52558.21121959778;53882.759941061886;53222.55592596865;70;47810.226786170475;64503.43521865615;56420.753646788005;59769.93364580803;56318.35872874277;52559.77273930514;49431.996180933485;61345.55215356378;52454.56715955409;60647.821398485146;52074.634479656524;51891.194823583886;39423.09355494796;60881.48897504035;54298.12622267607;60539.99565377493;62519.49339364924;66795.0259446976;52820.164423361464;46353.08105914278;71228.06885430316;36884.05800028124;64553.46087956165;65550.3174839135;46643.215731713084;65709.8886266858;48924.5779870874;71355.83486146905;60629.634977402464;59205.324136030686;53922.34109291724;67581.1671092677;64129.77847151793;52816.081721216884;49019.362729604494;59026.55679563174;58704.486532848125;58630.102416551774;56439.61410544759;39866.94703565429;59323.372930852376;59602.48661469497;62576.865497747225;55424.679692315905;55363.26323376274;62176.694859396855;51827.593983078965;47988.344784563684;51161.5544408668;52243.28292853934;56125.70270856728;60909.25084470576;69614.42355531441;59799.09653207689;33182.15306132406;54783.14693136778;45245.28930953089;62621.77591317742;62856.74680511157;56116.02384367072;53889.145811142684;58442.18435419648;53918.65198941191;50357.8095019826;66184.99313761955;46183.39728871998;66014.81521135896;80001.38383832359;38397.7509938304;47266.060674897315;59324.932666674256;72104.5749102661;51064.58875154167;49358.39405313398;52598.56995137032;64528.687612256384;40024.36685084623;45509.697708220665;56313.73097115188;54044.50648419458;57850.76963897522;58686.03981989714;60437.45989240024;57208.14203707747;54409.22695547718;54456.97512234685;51704.57378075295;49898.87343018418;57648.60267247787;56796.329205617614;55107.79867720807;57413.45233896664;66236.13203535043;54024.220205031386;61382.78292680589;63951.400555268476;63763.54823545982;62328.76517761;51408.47503103676;56921.47241742418;56921.10485744254;55290.96853819729;63655.880422204864;50297.82807193746;68369.38856733433;57487.08969729553;47397.926989416526;62756.67390339711;48417.8454881824;59297.43953427211;49742.71954800152;58025.38213215143;62272.425862511474;61678.6406217193;64858.1670605562;57756.94030407298;50863.75421046706;66942.9673463715;47259.349534790985;59131.89406053154;68141.11664769202;57527.826363253975;66598.92568758327;59036.746769235535;47904.80915280903;60293.909451881256;43800.639635269035;59640.5956822729;53549.16236762881;56237.159803545976;61449.02829409822;70335.50159396468;37375.34807086344;69924.07405564812;69096.21815487805;55727.7361713662;53765.21340438585;53247.842984193776;47626.23218912256;52054.756265705335;54312.566771441554;57475.34477635;64827.91499161308;64273.14421633121;60308.43503391057;42482.953298249085;42778.97493234624;57082.2455581227;49119.39980860071;48794.863397600144;48177.120708179056;57390.083909515684;51562.703112345436;59551.035664728486;55640.780854338496;51250.825355858964;58046.6828448844;65090.092132552025;44150.84901715782;40523.27803098568;56946.748574644385;50202.1531001414;61455.80837016904;57085.04711716891;56702.01157971808;60633.31278344168;45807.427707148585;56377.55871638376;43581.82370614112;66345.34147727184;48570.62889208865;40876.00016199655;54991.04616827267;64301.14024514213;66558.25613668402;62126.50642720415;41275.72425299804;54968.531818031035;54837.00819051315;59808.77390323477;59360.418452272286;57344.09572156935;62155.37214948091;41643.702660640265;70350.30861668201;55560.693904795495;73679.227889684;53169.09043333473;50883.87075226637;48956.932621696826;54286.48706676028;60567.30192911122;56176.54148256675;53482.245732614894;50325.05815940472;64680.88779676576;60289.26131709965;65115.43927221959;42147.24321109272;52242.39828406577;56802.36467072772;60350.053152809465;51242.668811206706;43822.79341838455;57223.385430307186;65125.65799093729;44177.70522459503;53983.947921689716;49406.016093838356;55142.051702243436;67759.12307543297;71648.64251557688;51399.14202816603;62834.0503409159;49011.762090689386;67478.25165697698;48358.33834130981;40902.10530209105;54179.25186588557;59835.45914180936;50311.79720822832;62357.99298435063;62705.311799508425;50133.73939572255;44667.34051805338;65074.88223994215;58220.74722062245;61782.127673636925;59000.72806085272;74840.84434399138;55553.64594287597;42611.89725173255;51270.898619241816;59353.27696073733;56042.146791275314;41988.21495038012;46454.34481420311;59494.89741101447;65306.74414876477;63570.93210326992;57604.561647795774;70262.87903886227;56420.49621406675;51796.462739609786;45260.55900556821;66857.62410231639;63426.358528593424;50797.50596251364;52574.51244284266;60743.52990082423;56946.60943532327;53285.385389543386;56984.65100107999;49866.21478308778;50020.37792101926;47641.518679407665;51515.37092005358;63813.24268465134;62770.14299693534;64612.30385851043;56290.39828282457;59075.803879338186;62859.56920110669;53539.238518272825;52478.66409301299;53577.235363492546;58342.24457738084;51651.72130782057;70245.49226290798;64929.9073015608;58937.54991942732;77066.87605980199;70427.02745950222;43795.0932191258;55350.19747678824;57637.667329445976;73939.61003885847;62734.297810042226;43759.971827851296;57701.72833723921;56547.44062811568;49269.63304667204;55526.22688766916;45232.71149150541;61191.37781062159;55757.49741974031;60378.10597587451;56476.506285616786;59694.10581619459;51204.297029054134;51852.580064911104;47787.97106868298;51138.78964877564;50210.053466593024;55085.82112733834;62951.95459360054;59358.53971880758;58063.481680389785;55542.7440455628;36211.127703842234;56617.732712706376;61122.88265988517;49409.89593038847;49190.56832830046;50404.52830986861;52230.06129278705;59774.207374143436;74769.8785003376;52711.32108137119;49101.061346328985;59806.82413560303;58660.10727167326;55981.13269589414;63341.494292325726;44269.480320899274;46386.06011169705;49583.209988224735;61477.97409040997;41237.3095544688;48267.262186154534;61113.69888715718;46159.41340222633;48657.2508694859;57893.863117429326;71169.47322352897;49823.05823511153;51850.882026551146;60451.383117443926;56162.06126109211;56928.81081207478;52330.18983265251;57684.655644403625;62544.21107419903;56515.837037832884;59264.781975650345;56834.03359040088;57133.524503119676;52730.652147345994;49426.96050068339;50342.121747107616;63176.69625633082;67535.82986470484;56257.03665624846;60757.76407295048;42097.49751602805;75121.87334070928;56768.2772604809;58670.7795170792;36169.06658637438;43506.73239282816;62874.92498984095;50378.2410877024;60760.907903020976;59020.469838895675;48436.03310905004;52864.82965779401;53974.743945013;58504.82032956254;60068.88724677963;58921.14448991991;51529.390114056914;44907.87382587507;44730.25749093417;61088.02198271794;51141.986848761815;59642.90144699464;63851.00730691546;31992.30508916324;68326.19028383894;66368.75196627664;56281.86056142236;69153.84684209117;39838.75144042942;68909.35944364361;54475.2199702329;56251.038550457415;48785.5649635798;42750.87476850181;54894.47071355074;59292.481883688604;54632.699260667636;41078.06138758397;54849.289739258005;53700.8526915362;53965.98321952448;53290.248767587014;69238.10111568507;49058.64145699697;65188.56712231891;45629.40709057085;54461.036759198636;58531.34542547088;57909.09432950794;53720.20947550408;68387.54500486882;46971.496641203914;55327.23406316292;63516.14650540536;52640.41325280316;56211.197953963485;54420.672482495684;39835.27006368447;42785.034727944825;62902.782167285055;48014.62126248336;54885.41675975144;47790.86214827045;53977.71805742748;47589.51194139419;46652.554088560784;45772.86170102041;60388.032038816054;62304.323594852605;43215.16259345067;59202.51003608072;57976.25999517245;58748.29600601437;55357.49221532373;57433.379298917986;58024.074508485515;49831.97315870046;62358.10055979606;64602.90662671656;55932.9503792227;45351.97204516549;48791.28914831544;46257.416298744814;53081.92460599957;58280.95037055584;58563.30800495479;53045.128822305334;59469.22031413402;61961.18216228091;66170.09147059523;65123.42381258949;65942.86815950999;67904.65627367061;56711.14518502336;53349.74047062597;64314.413358876336;58278.59202548702;69694.13110728281;62959.822120238525;56827.130862631006;52943.40706835542;64345.08909876099;42614.59461977303;53890.80268937528;58946.231302110275;64213.06712606409;53036.968044620495;52351.919029584365;66403.06205054051;57736.576068579256;57242.549306546614;44144.782266665476;53570.8729150078;54103.59689836455;40876.101100626336;62965.21850568857;61534.90472261023;52463.43673804039;47682.22000671462;52376.76618903482;61990.2191856966;55186.26647011044;57279.64983065082;52724.289389836085;69628.55957032452;46158.64199817675;65630.14937061345;51655.10451765427;51410.858061513085;45997.66354486697;66298.30839509249;49468.06089443396;59691.311681389154;51474.51649318125;55569.14730348801;46611.083112151835;66653.1852991137;61700.84216700168;57916.99413694926;38683.99842344888;51759.414455520295;77024.30202172692;55107.95631714717;64507.89530974171;42777.27557055201;59499.612702609404;57188.94032573296;73537.17870544482;56507.8779314724;55492.70934209741;51883.47931836193;58540.09629865631;69246.40690194126;48069.10140414916;58526.93735085339;63434.034913223055;70;72463.73139967454;83105.07079274389;80268.1760774719;65918.73059952808;76298.7645327997;92389.87461332417;76207.88359808907;66190.33510360388;81896.13938672528;70271.46914878643;70801.15865888103;72998.73401331075;81622.7557321713;76734.05338932415;72419.64226557844;78730.33411864683;63993.54601970319;77972.61269086327;69780.6265162685;63587.816879308055;73150.9785894707;64605.53257895001;76315.17342414902;77498.0395518772;78156.03698819436;76396.19658978637;62065.67008709582;74150.77076343475;79658.08593227548;76896.74531384534;69448.0027714757;68958.41902882111;81821.01476791804;70731.02932769866;70557.60063987947;62275.48367964834;72849.03387037126;79855.25031034392;76471.82364604427;62672.947494860746;79983.3008248972;70053.0584162921;49702.91481327908;73022.53329967041;64655.20774319577;63280.440327418815;73951.84992046593;73846.56941028361;88425.8862994969;70167.18507368372;64980.07175648736;85731.33156984014;77901.3956020377;53561.97724877866;63243.64027123943;69886.31932068357;61185.76490803703;73112.59602825367;66301.3452102426;85037.61446707562;77219.1336969494;64184.1105191008;63972.356283512236;79792.34232025841;82778.77488164169;86086.03198227589;82591.94935105277;68590.46140835968;68073.4964147628;76838.37702905151;83206.20851167999;70489.94818727611;60519.26047337719;79269.41504677513;70613.26880198132;79886.77779865093;73704.58272757835;72709.3703866439;74116.94447349393;81071.85869973595;81911.52292218317;80401.65857108691;73681.36996200152;86786.8183012366;76684.75810370447;70803.62013271803;71184.4075803006;73332.90503701798;70002.96856713097;66681.72463721043;81296.13580571499;66368.15439890481;75767.73263204473;77633.83108734927;74873.43343188068;75490.51174460749;77933.82915563366;79959.28921151871;72814.63144313655;76508.49631480454;64083.7522619908;75034.07293957777;74851.07785732692;70378.42901053032;75911.68546567809;71347.9607502445;70946.64891875138;71981.17685318962;82807.43739389996;72602.85592748893;81806.60416516196;76633.25917256501;68055.56669746642;60952.48581721013;68933.41603942856;70940.00849749011;72579.39239477136;75054.91150246307;71192.28234567818;70571.18567152496;64896.18408335903;77456.64232061997;67195.64574409052;78838.20128980503;77617.93665291122;85408.72203452411;66601.81225528217;74696.08037550902;72150.06596161993;76927.0643169162;68724.61628312996;84053.0460476641;90712.32719705187;70477.43990388465;73809.77473154463;87241.43613685772;73585.20280643004;84020.74110205073;80762.85977304459;59286.50621828;61182.16441898416;85086.11198409314;70100.51182937712;83320.60837544239;64874.65486396878;66782.39995285762;81023.58254423495;70810.99499422804;84666.4390341722;70616.38710967024;63353.11153568166;87167.07912766638;80084.22613251721;66760.27101036912;81578.35432554671;67420.33212981322;74943.52677397753;72799.91934626552;54928.156015104505;74190.36434136002;67125.2632310756;67458.82465615367;76920.25298219787;77425.52675337048;85266.54240052597;72354.07391651139;81156.42568308536;76920.95431154218;62804.605099679415;71611.06262900202;74709.4927922421;64929.5997446921;78931.45248832418;80080.97283033347;61522.3435657456;62178.2905697383;78803.15337599769;64505.324262855676;84272.87218015865;89423.20338561886;62285.588717276936;57050.87682396396;77646.54659389907;69893.00672723852;81354.41884189621;70736.60115446447;66521.67394382789;84264.21099878296;88182.76710653758;70449.47042130218;62490.23550937035;66476.19814840186;65845.45673418263;71235.98820958666;77684.44554694109;66754.84863541191;78248.27911476062;55168.64293445461;74677.42234522599;61859.0960987138;66879.38678604737;77312.39858763848;76198.33406492768;84395.80615518206;64797.75640446597;81034.53317891818;72455.70747410912;59665.917848950194;70125.04557730886;80590.0867294652;75633.64260648437;69276.45437672359;79824.30994646742;73391.64159444711;59842.03761629875;54807.14985675949;78821.14328806395;87713.66111426233;80153.72406664753;80124.0900382375;89183.00999021047;65716.05374917883;67436.48743787072;67339.11204564059;88819.11162232197;64618.94343539454;60665.445434390465;70841.95484854559;74172.0311127751;80433.21482864082;60326.56376475678;74756.15292769474;74268.38783100872;68317.46719989937;84445.32488089842;78833.442723224;70891.18412231367;75423.5610368221;77993.74540939518;81411.84530800683;79674.18562647363;74203.19005048291;85105.50372557898;78758.94150779999;69762.68433353936;78727.47814248085;79404.54054403339;75888.90773973783;78625.70827580159;72944.04490595008;75799.25023286152;82988.86397549242;80348.93641342512;74402.50570798575;72377.86086005812;87421.28285180454;78953.7305687843;83055.01073773457;83157.10001596715;74640.35800175148;67656.96268384362;69145.82359689061;84462.34363998794;79329.26601160207;70096.70758185006;68384.76259248564;76286.01568498963;83031.0387532333;79103.43308607336;82785.39636850997;76071.62306133287;78623.99822333263;71523.89568400956;73565.07539400403;73893.29472564437;91790.96253382976;70013.76376849372;72950.65187332586;73155.44372447596;69901.04368991952;74500.2769494146;72045.79386992428;69852.98315356932;80107.95504477879;82369.78564031972;75285.78430456812;81910.3347634025;74438.60494443447;72420.95207906044;75600.67182365322;61509.1594922904;67736.84032578426;80431.45681750221;82007.32713774727;87092.08149997171;64831.36393619;87159.81383203037;73524.07426318279;82449.57330667342;82442.47229802303;83093.95461335768;72510.22425251633;59359.47918501251;56949.34705513466;70140.4484483512;79547.30942309591;70575.93794267805;64222.914932045576;67382.34411309217;69932.84561037387;70982.46667199317;61603.57389404447;71454.78673628709;73365.19164921365;74112.2425826718;73189.16182183701;67716.69325674625;62789.9740437598;76339.84336500891;74104.81390262519;65402.19583056537;73355.84312520946;82757.6281452861;73719.8175265871;74293.27968026584;58839.75382048168;78807.46755267847;86650.04265007292;70919.91996296216;75790.56881820841;68524.57757956827;78819.03854495865;67368.4236808981;76562.20700685334;74762.43869805652;87358.4808841819;68419.38518248843;73672.56753694848;78915.40166329147;70411.50367041696;58489.341691383626;77718.5613644992;86027.53613628593;63266.22316606223;68754.01077251778;78493.29040756598;67210.5934142338;63727.90277294941;62574.89923397255;65676.29151964549;75535.57021276311;69436.76241577795;80278.75167220004;68808.66776942523;82807.67244585858;80190.18516627314;83302.07142571027;66679.46086989787;77832.83812324717;73890.75795349001;70358.59075484697;78368.83280240139;71457.76771550665;81324.59796428225;76676.27389636206;82567.16726325272;64625.91363310532;81507.11718847242;74336.08707566369;89758.62573905436;61619.343756524315;81107.23604420426;60899.57426409384;86006.72422677538;78819.69467548958;62272.92921251043;83902.22428343946;55985.37800091918;70645.67377446848;79385.62169819923;64713.063430799455;79405.56162397543;81670.5479289481;84742.08759959509;85329.98898982856;72835.09666289242;65574.46878804275;85819.46541177729;85174.44304600311;65914.48277245509;72362.83756314787;78596.45330791763;87019.24032492736;95011.84144106136;72174.11119550151;71266.43524046091;77366.87532507011;55987.95841133167;95053.04536735127;82854.83819000858;81247.12110636753;72061.54673134373;67666.03763783867;82356.84283860959;68334.19701003243;58819.560892081296;74027.13203904347;72287.92181870667;73381.05223365151;79927.61122741885;66448.20680349926;89505.44754688637;68840.79784962532;83789.05388792773;58424.63227666501;76286.57475371103;75482.28524110236;75931.30904769122;96402.25039698581;82009.43669776432;80216.97772385448;63639.76359476938;85336.10518952356;85387.42139457588;75415.23191689007;69871.78148811923;78501.53051768524;72769.44384351572;78291.45211723923;56902.29508676185;70544.73714124775;79532.61265579055;65013.82799815662;81742.7760185379;87936.23421731617;61902.37762550664;66977.88775877017;79661.49579196592;70221.61999470255;72886.18145133757;76415.08441001092;66324.3997580325;74019.15669343309;74875.11208144003;86544.11750574541;63483.4264803509;73473.20137248213;58466.193590805124;75376.75659879277;58287.59354260028;80190.60194263514;64242.88994317878;62955.41144611914;67698.90325463307;73233.37107164723;90756.56680238988;67817.73258999076;79106.65399158014;64780.547547890106;86530.63894765626;88926.58994232319;69120.43489509268;79994.1038291481;67265.10937711751;80816.36358279901;82250.85522114714;68927.60521094232;56724.83058137642;74335.93339019685;78147.0230149468;71767.12944111855;85796.04265791868;76543.43421284438;82437.7924149203;74092.31286316269;87097.19825323249;72090.9500884553;76891.69620096222;57435.952158503016;57165.66118363832;72886.17651037098;68586.8098324546;81962.98444019008;78609.58844962946;68973.5624303038;74332.38339981543;69553.62544162148;78306.96802180649;59111.07526305741;82150.49384576356;81823.15282361588;72362.5535381512;63562.473509828385;65242.41151525383;77503.73902552821;74205.30387819803;77967.82085998141;81428.45386678394;88259.9335299807;65439.99847707588;70.0;53375.16142849108;52976.0028615442;54280.51497446541;48834.77869239224;48329.261368880594;51825.38682925487;53893.133564093456;52474.097667630354;52262.8620295225;53464.68024935022;55184.6847998524;57274.259728742625;54027.283250638895;54071.79401155118;50902.45744416204;56352.712970172324;56212.955480117664;52832.36480162472;54590.05880288423;54474.736074512635;50901.09356768243;51724.54374514117;52178.54019998833;51312.705436460616;52371.20017561728;54647.04060871613;52316.10248569332;53050.810313213166;49607.84753289049;50518.05660337001;54652.633733195566;51891.72415152796;49429.370495331896;52468.91050015246;53512.499832380476;56508.7163714928;58669.9600440388;56040.23919315324;52841.014298309805;55868.98846413988;50594.41070191676;51775.08812576166;53152.18469687188;54730.24082212441;50411.11016467509;51166.54526587472;51160.50688755085;49320.93803287607;52659.201239615126;50959.1861773925;49051.28848109039;52298.74881300122;51180.96393878626;51672.62742817323;52518.40426904512;49171.71126333268;54886.72856204373;53213.35222690358;50056.12945151057;56947.71786814784;53137.492040555255;55459.05822838297;46835.854252096084;50402.61909854722;55901.85082754204;53351.946059573536;51696.76756135012;52780.16933946914;51196.36017113927;51565.54266937197;52022.170251855736;50835.39102249669;53414.57928185412;55065.49641534611;55856.546034662184;56290.6481898371;49015.11394403824;54960.45122042559;52274.55066135372;53616.187119861796;54524.86987620236;49455.8293797579;53283.349053013466;55080.738701250964;50450.847981428386;52114.10950437855;53635.91157894235;56648.09963317522;52378.61827212591;48278.641725170935;54784.810953685526;53570.91664435371;51086.02575677701;53139.65822396923;52924.2097411708;55222.769095866126;50315.293461235975;48339.60379691891;53492.84484705124;55440.64709875043;52360.1851337459;55838.827258542966;47221.90339288231;54731.18962583673;50762.880920664815;53196.52677791256;49883.44219028918;55523.2524101949;51893.65239805895;53512.567255164206;53477.637288750724;55332.890526711366;54500.32254681456;55227.257552301395;55763.292295815576;49373.52673263338;53924.609929558086;52612.88398382765;49585.856774445536;50446.85951382626;51216.28245999999;58265.05772592634;51362.49416526526;57883.10941774983;53689.97695143844;48983.99377516321;56163.44744044796;49930.31190619102;53945.42120849696;52551.70090955934;52772.82157694256;60221.20575771277;51799.01176079016;50924.241873608655;49432.33071684624;58293.301277489736;50397.771890544456;55367.443690821536;51425.662447812756;49688.83559091148;49476.93409333898;52082.25829150711;47859.134831722666;51042.298831984815;57130.67380960129;54237.61210557207;55554.657055821845;50271.635523301135;56644.1782811358;48662.96834225192;48641.594815396886;53996.725761030495;51771.028838992235;53597.51371582194;58396.9977943645;49259.64622115088;52166.437109170496;54604.067174560674;52462.06962929584;48500.33978995695;53264.48363244531;49852.319260302844;54912.18690116999;54407.29801632596;48071.16514431818;48656.659907808564;52793.51776881305;51219.57932145032;54766.17561648883;50002.69564540877;49412.76624853791;52965.41194841506;47965.580786216306;52188.63347720714;49645.30614025434;52565.646899888634;51205.46021354773;53100.84777682943;55282.66399329702;53285.52906956048;53368.15996854777;55649.71040353651;54500.84870293118;56358.31465544952;57831.14820019668;52193.21285071239;53396.672722043164;51763.77416781796;52624.33638444782;49487.47090766231;47999.515626383254;53161.653797663465;51579.90099537225;55204.607755394456;56893.794883446775;55411.79326274213;56853.56269115808;52560.64572301767;52406.196360368274;58273.233960394806;50503.1944178233;51050.34070664923;48016.29607979943;52440.36846560861;54593.164737447616;51973.45112487931;54085.19723227211;53230.425580893534;47393.14584721484;54051.259567445995;49330.58686279113;53137.1451691876;53140.1109248904;52631.439414006745;52206.50587878894;49401.14050725856;49487.945342985746;54090.2211327921;53153.016549957196;49876.4266508486;51913.848370464904;52008.08649033877;49495.750015076344;52647.684172564084;49099.1888148375;51805.745907767334;49660.624440093605;50336.56450586063;53287.607880029835;53792.57009980016;50195.453305961535;53166.466245857715;55556.56782296315;51526.93780040449;60927.169510855994;48383.68201313783;50545.057075122735;52950.275332525984;50965.43333517615;49766.06423618338;51676.916083925666;52478.75353954089;50313.3757210503;50609.983808164056;54003.024950518586;51936.48161755098;54129.492996201116;49873.64826195137;50985.046971765594;51803.09953605769;47419.04572708236;51880.348413019055;52792.815943544476;51334.50574136442;52364.807656525234;53413.66563826347;48267.32916739657;52837.89222744296;51141.12326649315;52824.033936323234;55392.49144634816;55125.15087666166;57135.51541875575;50045.52547022122;55624.042474802285;51824.57726947062;57119.93794464336;52441.02542767994;50317.988574035095;50989.07656686443;54285.774089723534;53144.12566121417;49166.59689938567;51602.6493116125;53186.228460346385;50866.80278305127;50376.47521775872;51564.54235926807;50694.048261332675;53055.220586726755;56733.82070125991;54090.23524282957;55399.715878579256;51004.26257356632;52206.87524361858;53111.31443787999;53902.29108442997;55836.341613410135;54237.26164796598;52668.052712856756;52503.672878301346;57763.17031227877;47562.30284195082;57584.211649549776;51667.148762050754;52737.2815130808;47659.00362976092;53083.71863360051;56082.06367700716;54065.43308489524;56209.838945017575;52352.5177784781;50786.929914955916;49491.52303156494;55419.58149507887;53025.414443981805;56729.08678104686;52766.72427421697;50417.46622611315;54764.07476800835;54678.294661127264;53347.28339404715;50679.24908536223;53788.195046519024;55736.760849450286;48400.43182263206;54942.83187535066;54328.59717008463;55192.70769834099;49779.394039611914;54513.74455903539;50051.60115727274;51585.0195461812;52203.841401775404;54721.02171620499;53187.75754197623;51638.04154229015;54507.18739797854;53402.408697905026;55375.98678433247;53484.21406927418;54124.918557507444;49529.200920174764;50944.28083659202;53210.27723401247;50299.984974643165;55588.24746425993;53813.08449820932;52386.85939256777;50510.92643762152;52378.132689148166;49463.71852103245;56341.68198732749;53869.70825894363;51055.851910127996;52096.79046471725;50837.034836046536;53555.73171522352;50409.91411874622;55266.155602911815;53629.23636530741;51539.663570545665;51916.55852738461;52670.82764351236;54764.99312448318;53376.8145668883;51948.354998321796;54634.223055028095;58066.52626987657;55203.180417637865;51568.28675507668;50697.13742289872;54176.566200728106;58335.62749316357;55681.83939466503;51677.04870826831;54446.0533780111;51378.98688050746;50773.71189021932;50345.33074348418;51133.638971371765;50309.02673609989;53565.81573036642;52592.29172396448;51442.87211149025;50412.342041281234;51649.90836884568;53533.46833513655;46367.91381019557;54281.76527086653;54956.8412027429;50999.464273903934;52863.938723114945;51608.96805574211;50582.5337616438;54651.75949986049;49136.149482641886;53222.026464915536;53252.28618839812;50517.899888599764;54939.018294592;53777.26403610737;49997.16423584534;53100.17641624207;57285.302967802345;56019.35407108973;49501.386136085195;53273.60018176332;54449.18776648222;50185.992325132276;51172.243223796584;52150.44882886877;54711.189038410645;52562.32715699097;47929.44709956308;52684.19254222017;48299.44543050974;52972.291634639485;52136.210968943145;51683.64681513816;51906.93394668875;50267.14140243503;51954.59889366184;55266.244051729365;50407.664787561815;49512.95111238751;51660.028453359904;58096.30250406968;52780.93987488793;55137.738831263654;54638.3813462681;53059.511172476974;54440.22834348462;52934.237715784766;46943.830720991034;48809.16051384059;55298.07596518016;51729.65566102664;51198.64099152538;52340.161022129716;55312.917686091605;52051.723083900266;53443.850315536394;49860.964526780605;55738.2442773367;55988.22306020276;51479.75260526714;51664.285854747744;55516.269406423366;51517.26687666052;52193.70173051835;53197.751236903285;49092.57728536821;56404.11343864696;51318.24602796966;55122.49635871001;52273.82721328852;56132.48840011083;52310.48606391455;57403.48718279094;52115.044283058036;49493.70122224337;53827.5198458037;55249.95500502781;50936.7528483184;52764.601541593445;52931.961391444645;49855.852313683405;48193.23080952147;53094.204532844815;54372.791006895306;53151.98591599805;50992.94743971282;49018.25239274013;54869.79608425205;51127.65937520689;53426.49651946413;47910.526847698806;58260.02498126298;55416.42679215143;52187.217833521536;52469.75198504363;50634.35165969281;50528.36369098626;50265.05361108595;55231.646163898964;53482.67963161277;49432.784623865984;55873.939468161385;49807.511175279295;54601.17254710163;51212.523696804004;54838.93541167668;52589.18266856053;54584.65273083737;53285.40754970125;52401.92223127368;50183.92079262763;54677.38787669943;51321.90249369277;52426.35465187999;56884.73119285568;51300.31800533441;53155.042658253216;52225.1850418708;56397.06866435928;49623.92135476503;51037.84262028198;52670.3574429104;55115.50455238522;70.0;66305.86020382169;59390.51858211048;66651.08908655812;72730.59890196248;73051.88039079204;69682.47095383523;69314.17533507102;62560.557848646684;59233.782648618755;61654.45791007478;58910.48186809041;56102.31016166245;64117.36484185433;65727.69122337233;66358.91304208581;76695.79300240238;70867.15344371289;48368.4430145301;69505.81565731953;68818.32089334799;62667.97698058911;67482.38192582701;73155.69900578987;67251.96962090302;62221.96033491414;68514.15566652575;65251.54831775768;72244.32754847861;65988.99303365711;61892.912988300886;63805.67064413574;74764.45068489476;66275.7956600152;70732.63224259006;57901.19487035073;63824.98256451145;67954.76560934262;63043.356233343286;75253.39686991717;70473.46181954126;75634.67756724026;69470.26437936645;59114.80400080308;74649.66982602779;68324.33643575145;59295.08800156889;60832.615166858835;71031.66231704816;67379.12614705971;66152.88749673527;67563.59222348746;65913.93072740067;62233.15506704488;65984.26700225435;48716.85216086967;65430.051776831824;65956.36536368846;63075.61066079179;61846.582670859425;69089.38712768722;63403.602381054036;72230.81584229125;73486.68071437048;63750.310282908205;64345.416773009645;69487.65810944785;75280.42767272238;62531.1074881968;60322.46606138209;65280.65905101536;69096.38381514768;70264.27832515436;76508.86775208941;66183.18241265435;57288.822234470485;62069.22843167627;63923.55239614098;58873.45669013652;64833.80121335956;79473.65443426176;67208.75577322842;57798.448494179815;57704.792414643045;62475.26632952079;67830.01301292524;66246.2195591799;64995.73668654765;57236.227302460466;67892.55067201584;65142.411167014216;57377.30457299674;65184.74202405156;62086.00743062139;71523.38139077065;74592.37144649556;67560.68309834381;58824.217118007524;72746.9114160793;69974.39556323258;67865.12565059683;69939.01439589377;67226.74649096243;64065.18185063199;65359.56534879307;64020.867387380174;64342.65212520541;61236.81609357412;60806.563911896636;63259.9707250283;72160.07684389537;64588.4353521099;72187.21120141177;73571.8968753572;63966.414912752676;71969.1972721585;68806.69007459693;68523.58669630627;57727.825925941666;62827.28758993194;70410.28617761264;60291.89059994863;68345.53695235465;71434.46990203176;66473.3413057203;71174.42139995645;68891.16090982634;76510.1120079667;69538.19935800569;73034.02507587067;56589.38994875427;68951.6420488784;61407.613220800835;65949.75757373628;67742.94041468724;69427.12392346335;75057.6671875274;63403.21835613617;62306.16459268007;66487.85593241747;64020.5794479061;75468.58151200425;76141.87819251257;63670.26583523299;73675.7084436689;67565.80245043983;63970.803294036356;70861.34038007265;72200.59908330571;58199.9975183752;63770.80638692209;72709.74406900538;64048.07876356656;75105.9906380959;60268.17893088845;67919.49228150754;76513.56097511746;65005.94278991163;60277.534271697616;68135.802013329;67991.02532654976;65583.87643404739;68388.51863825113;69730.18704717471;64073.291962723495;66615.79895597458;54941.64209489988;71436.17229988915;69752.02705903556;67409.82344951492;69745.20930311264;73696.73559115497;69080.1191154324;70309.47767262247;68274.87537646554;65854.21269510669;68130.41103087066;55845.44213451905;66171.51105620261;77518.79399928365;70500.71247671313;67478.09468270981;74004.46492303032;62011.63867954272;65345.06167887639;72730.47113581822;66109.58550677556;68526.16491828469;65306.40053198157;69182.5019180659;66643.27307624118;61146.9660971516;67761.44958556222;66846.18916530197;68674.51962094854;68570.09048410287;61703.71316614571;61230.38338438561;78329.13413934992;79912.14526988045;66121.01471342726;62453.48888244698;73265.19451765704;70100.74724119355;64279.30033522447;58062.993876610526;68399.74261227131;57056.14459856029;62169.30929011734;71553.74081492242;75136.6339443953;57193.872886582205;67093.36601839571;65509.06105962553;71343.7503383024;73261.00226552562;71097.63802241514;69113.96380549428;67821.34568941682;63325.06273117762;72236.92479917489;67423.81836202694;72651.78008298799;75760.6843343771;63564.2571400405;67803.86830156465;70246.24224437628;60456.81883728457;66071.73385288005;72538.09979841867;73963.52258828402;58949.14873841208;57751.47474765582;76080.34459000351;60965.49802512876;76176.6768712243;64040.75166329534;67615.43907756914;56846.44729204281;64646.15763227055;78708.18295018942;69551.42638777074;62393.24623381482;63914.88220365839;68032.27554526062;73917.69363580827;75919.11324586628;70104.60356244334;72689.39920405396;69498.25874580395;58826.566686159014;70549.21723702544;66393.49217875558;60376.027378683;74561.22302330937;71836.83214209724;61000.55176389944;82235.84131587835;65001.47551325436;74739.55952085738;67946.291386508;62334.26934078563;58661.03985792359;69908.59042823329;54933.19531681217;70937.45964128549;63811.26233685638;71858.76025673104;67050.93940268288;71803.00654345266;57232.06044598324;70797.84540146685;66507.72777493886;54635.91325425613;61328.29225941685;65265.32730600416;69694.54223661844;68035.60161061681;71731.0949264945;61789.86250499173;66907.3657870004;68695.71297864454;63881.26103284618;66196.83585998604;66955.90098723462;60202.17108712163;62567.088357096676;71147.34085312238;64737.27263122871;64748.1974629113;69713.26802873549;61860.84690267741;75285.4673485632;64178.98987537327;66089.39508938306;60566.35979080582;64229.03370196997;59894.99830156965;74787.36445302682;72997.81090016337;63742.628655807544;64199.578063826644;59322.33429690417;60317.49097535749;62774.24964859821;64526.203590900084;63408.01059302437;65533.34073077419;60665.07148384408;71626.58219349879;64250.68215401126;70524.69064186106;67390.40354875971;66488.91465274441;70512.43801620381;67698.89709720042;66352.62625794859;71796.10108311869;70600.23491318099;64074.90190943576;63652.480348309706;65418.47950796987;78293.18480307772;78838.93944635552;56907.998234907696;65705.42844603553;73243.51743031474;62339.62174999285;63081.3917518331;64877.581019992336;62388.4581576522;67084.53771301292;63309.00916318223;67459.35300482395;75381.84097804318;69694.94330258147;65085.721181159795;69594.6413874514;59906.31029976424;67488.6394537842;75758.10284819265;64441.175260808726;65803.5702798395;64511.968010954464;58022.19753096969;66799.11199000607;62321.64849994448;58612.04111029652;58254.80772671684;65189.02675010636;69492.98007204976;70009.23951990606;63087.29207489851;65725.6432712921;65742.96808729852;61558.55156685747;64288.29169139567;66335.67116115661;67771.80633027901;59262.33083530136;72554.66662400897;62652.47821351958;69501.63510553999;55721.85119082387;70443.04380078055;48069.18638193868;69618.7158733726;63282.11952148886;63852.12525243849;69393.54279979972;60706.15440455943;56249.64260923765;70505.42231407482;58501.77763394744;52462.579338912125;66486.18173714595;71338.57594899411;64217.24682718697;75594.15860882716;65357.221353521614;63508.04359860669;65668.20242170568;54490.84720477206;71948.7925712477;71657.41130455042;60818.05047834136;67582.96084949886;64934.51550520675;69416.37814143489;61879.78146603887;58625.937134269094;72416.53093851313;66489.73919911386;69048.64431842609;63020.38206037157;76902.55988447847;62939.0483236599;65518.38895834082;54041.19223639967;63953.02296858517;56646.55565808119;54342.35202325513;62512.082254900626;66539.18918573973;60674.32224311159;62636.336809210945;63884.54024314669;72984.9954218411;67863.72369106628;63425.133258664;76047.94941379168;63367.26927106081;67836.69684045855;63665.248176749636;62152.28067572258;67248.88844253126;69191.71428774015;62209.806756373364;68436.87787833608;70331.08958581509;59941.52255313321;66751.47901891582;68462.38183409092;67881.64918933218;62672.08228675363;52123.51344526083;61462.95343560474;55174.04186778111;71080.28052351708;64720.05530437902;64082.739137114615;71376.64180912818;77542.6283366071;63101.44889799551;62248.18816402422;66097.0782589313;62935.54577715763;73249.37516075383;67537.65971562162;69552.36479585909;62444.7161460726;74644.72471274887;60721.34803828412;67614.83718844128;61817.927581990574;62260.232264675324;76187.47954929195;65938.76108365715;61423.748548919655;65497.17502445268;65390.670985423116;75007.56702084732;61900.94516712305;70810.35266113296;70420.8707010839;59222.185766278984;69370.36470411593;60106.87737970166;72919.99105346153;72678.08893676993;64034.1996575887;59107.71362694102;68002.33608596011;63953.908771575574;70621.48976901549;66474.73102694613;62135.94714810356;58226.90129481947;58784.33284749677;69932.04326290387;61731.396337893035;67218.09088041252;68458.42049963449;63217.38027531447;69000.83972411002;64021.87853063851;69545.12595581071;64300.44325044828;69597.93848586913;62284.03608009349;61275.60932340164;59180.61393339372;67062.78888069063;71082.56683143676;67745.14928744477;53815.47872561118;64792.95314598414;73985.32810376602;63045.93568844347;73876.71831350971;67823.6095988098;66661.21323898104;67794.24299474203;61987.60142262241;65645.68856432999;65479.936999866826;43341.146189825966;59573.84836112324;63658.63869568512;67323.56140281475;67846.18129314986;70.0
9;80.0;42122.06721009223;40882.664617958864;41666.1603270897;42995.32637063044;41592.63300235994;41005.68892912839;42246.29971145326;42178.43058455209;42180.89939424647;40559.473324057246;42730.10669046638;41783.40261600714;42622.364534744884;41098.853148511516;40796.73759849277;42379.031550194064;42475.2558740115;41034.51554126159;42221.24401237879;41628.276202351466;41618.8053976767;40855.578087467344;41978.01864445067;42558.92525935936;42593.24654032092;42525.374163975066;41530.83978814461;42167.1187702847;42145.68386170991;42107.99973332554;42119.486064608835;43104.67423291053;42594.640816795676;41610.5513431926;41530.26551339081;41793.4552517344;41389.63776964256;42047.00429005971;42676.596950996856;41534.92157353596;42218.041911676235;41359.383435768665;41399.12579849864;42008.78640860207;43122.59320159737;41660.22525943168;42141.54240859375;41545.01857029174;41836.38947162762;42263.38958861923;42204.30566551685;41672.52555942808;41487.834620379406;41617.12932070878;40724.52666616888;42605.195899965314;41850.003076197376;41846.543922214936;41727.123891148614;42011.3114591416;42371.229858756735;40852.27581001533;41403.134073526686;42042.90874722107;41058.68835485339;41764.736523048996;41925.86850549898;42198.481604942455;43330.46215260797;42350.77220272507;42507.083100662996;41808.83921520257;41313.47318771832;41480.342985693664;41853.09386502635;42285.278448621066;42005.88288470437;42765.82089019795;42245.206901199614;41510.935194657955;42565.0960320635;41678.9061320198;42509.23871901752;42376.12694468544;42885.02614559447;42341.36684117507;42087.86105228662;42155.68639159082;40658.903855808974;42570.71873568667;41884.639129591786;40923.58170486071;41789.049582574014;41282.630125656404;41826.15076459112;41546.58279198427;43119.8097400094;41083.51603984303;43169.30181106143;41268.87135352399;42495.607049910905;41438.24485634157;43487.38747818147;41873.73702017118;42000.42638331957;42274.81717479803;40601.014856207126;42741.77909892726;42795.69393777796;41969.57644212501;42546.32671965424;41715.40328696621;42142.583053877446;42942.77465731746;41415.549045651336;42159.88451676104;42447.2496285339;42620.441726615565;40531.71738935016;40884.18059913669;42495.63733116863;42269.11309423098;43135.04921973917;41864.41117866846;43748.508926046605;42131.70938057395;42078.49153981258;42646.5373714484;42851.57441210598;42061.03104763037;42093.70232321757;42274.450334005036;41948.42839911067;40543.66942905481;41467.946688856384;41127.277186492815;42266.872348967096;41936.572856694045;42381.22311442766;41089.801818704764;41758.06161820592;42042.766764006745;41787.755578218144;42031.39064558469;43202.040485530764;42590.74540143815;42311.242410631654;42464.52795362684;41596.77962580681;40812.747705596295;41974.966128399836;42823.559882024376;41392.86481443443;41782.204840453946;44451.166861430866;40739.04639446954;42027.1217033117;41870.68926484214;42573.931591435336;41550.83282954828;41401.1642158539;42336.86719574728;41976.7622973956;41241.061017915934;42535.90442927485;41919.072195096414;41652.46464040368;43016.229922484104;41874.958266077054;40109.17112271707;42575.37160372618;42192.773468330364;42619.9235961618;42052.38981079188;42459.15373783667;42027.485705772386;42199.23109989054;41693.17555123533;43392.06302198188;42050.6815938968;41804.6935178163;41571.74050103612;41507.25872727506;41806.22043384189;42301.073489189235;41199.42482791879;42584.8322638812;41828.27759902117;42197.26445203596;41656.77148200631;43052.247868122366;41869.106498682784;42336.87129462596;41580.62465794868;41003.703640926105;41899.906642987;40370.37399950328;42011.17586348286;42046.81743137835;41199.159766534685;42667.015998864765;40588.99453703976;41586.71942625887;41917.423164938686;42525.770059334;41588.87720948338;41124.64835773223;41720.82806997759;41455.151573762385;41849.088071771286;41307.09755154562;41192.49066498313;42769.48654951975;41078.55710588472;42279.31052115217;41482.43161993136;41417.22394832272;42041.77185903022;41389.432069482704;42803.030529353215;41703.99365528101;41628.560437371234;42394.4718670201;43103.31536540998;41709.98375212544;41785.711827028084;41288.33159612899;42316.2028279738;42686.22153154148;41616.047832948396;42733.306838634875;41981.48964030779;41654.012823672594;42048.78983624272;41854.86125578496;41716.63588798186;41026.31060899957;43234.36337846804;41428.3399952342;42075.48884803641;42417.27450268068;41116.43070591995;40794.4296175285;41046.659263406254;42581.15879292699;43189.10906756191;43371.21123698729;41223.35186126934;41840.25758235207;42283.74334655983;42500.45749756468;42336.48688678126;41600.16082695984;41089.96119966645;41695.49453954544;41706.968405690386;41769.67101633023;43285.61226793041;41966.12323949807;42324.6804794467;42414.63827225103;42037.24700837764;41672.85317207743;40629.75659647181;41476.98715601616;40519.59609844131;41429.668682846095;41776.2829700186;42397.22094057113;43325.620551697306;43600.58505546756;42318.28835197455;41339.71501115169;42380.760354981016;41322.60890236945;41714.01291896612;41629.80408367354;41299.299673586116;42126.51047303798;41745.69680584819;41897.674902839935;42379.41667860236;42391.953746367406;41238.05912107488;41553.55883098956;43081.353406746464;41260.732273584865;40968.31998507138;41924.48261791383;43085.58405002976;41646.90675899458;42142.104947370135;41831.20218928772;41256.20689175895;41661.070693694615;42061.26496186252;40688.42348008105;42269.27597582279;42162.489915029735;41078.507924177415;41502.96992156065;42040.25780328873;43365.90046140252;41755.84161298648;42256.31142534501;42173.91547936998;41997.67287874544;42182.3390057559;42190.02373499228;42092.35231803441;42500.157251921264;42145.110109988535;40584.352414506735;42330.740360231604;43164.3019053646;41546.21202274318;42094.80090747485;41784.45867659747;40955.818025233966;40870.095973964;42320.23466786571;41696.315317683104;42673.76626595568;42491.55951078391;40787.11718824876;42483.51135258939;41394.56320012624;42092.30131526104;41416.595854990075;42065.272766605085;41359.468136662166;43081.3746834971;41220.36321482937;42407.7885002429;41601.56166299641;42525.11545526872;41998.805863806;41657.42893337636;41940.43363102628;42900.971813216536;41425.56326190818;41397.63199489353;41088.369873699616;41718.926756138935;40290.68724549061;41416.38856316312;42199.87575758755;42116.68321148431;41357.04080030178;42002.11857574523;42304.95743707076;41697.1909577959;41269.64943518333;43005.624134590085;42377.928319947736;42871.92907813208;43403.98767421674;41663.64796090324;42663.461338824985;41203.08141545569;41240.49540099322;41453.246644965664;41997.0714954176;41147.08025043722;41617.72719159568;41715.1190811627;42090.19834004832;40634.761677923234;42254.31610085245;41294.48732845544;41566.04674304475;42295.592350060266;40769.41566640512;42988.38265957306;40374.61403534332;42554.44366769488;42469.87794940415;42922.30376449671;41347.012018704816;42633.3637624996;42655.94851163801;41953.87787468572;42161.65932959377;41580.96172775847;42532.2365250801;42134.330298680856;42797.415017715495;42105.33907004507;41819.37390109808;41670.52881550601;42818.13545337814;43213.32504725462;42024.13324344959;42548.28846427415;42599.14682919942;42042.59320731607;41655.588486894536;41806.53848554759;42183.99891872709;42473.443793858016;41306.89719058917;42529.58761154684;40453.45112835316;42920.0413709594;40714.55813496069;41820.11193947664;42332.66331161058;41357.89019284022;42909.69701158568;41651.283012292646;42018.14224785;42264.68868456215;42449.57721070187;41027.48203019833;41467.97671978126;44340.244838805935;41486.6998927924;41389.042035106366;41619.31108982158;41013.393552283866;42212.24586727372;42128.28008851209;41234.58632674452;40825.28055888424;42474.907296917874;41431.87898116152;42987.43972103758;40661.34089347632;42526.15414165944;41839.83714716187;42424.27010530882;41491.20850991205;42230.78155866642;41822.76500855195;40495.016690064505;40599.457793443085;42250.79511750692;41136.424623437495;40739.13546280089;42980.598891515074;42050.16680546352;42174.322840434696;41186.261134370216;42207.025202350334;40714.61074026521;42196.102937946765;42189.78579110357;43305.897229321;41880.72808082461;42433.27749514407;43057.36441279639;42503.98769120592;40798.270025834965;41675.350873938885;40972.04573697108;43082.243509760876;41048.85714784976;42233.20036422118;41560.5625114448;41755.527374906036;41156.11660495049;41814.296874539046;41544.94643750176;42512.693842893386;42341.835003991604;42741.9952320773;40959.68391494687;41182.16624760377;41926.58576085852;43001.08630227621;41537.69561707665;41072.29154248389;41258.22775828175;42601.35590632298;41662.244219486376;42466.27857645811;42932.356695462564;41998.26172365238;42681.71790465602;42972.16114102199;41734.18234628984;42855.496023897125;41494.322558391614;42279.212724163815;42275.7896842442;42048.2298512693;42313.0986720328;41105.741143716325;41570.29554872967;41858.96387154427;41650.83353114476;41063.51622662338;42962.275072542005;42576.23792187124;42769.82611067285;43102.24380062147;42115.20407638934;42390.73298805696;43169.09856097011;42773.63568572425;88700.03974040746;87391.34839707664;87348.67282906838;79335.9042543779;89072.18091540932;80084.95012411653;74559.15485927089;89375.44104398754;89472.87987039234;83285.9715127886;75200.65720203299;81817.40438551862;81788.13188699781;85139.61507455923;85327.12965435794;80069.40708432812;80771.9801220188;80201.14318190474;79619.2628848236;83430.05048079044;85939.34213972383;84130.40258162649;78596.51255580001;81432.37457588174;85756.55048796759;84688.76802590353;82134.30097184586;86999.75254810312;84710.76385808819;77583.47726601918;83603.23861252474;82510.67254852838;86192.37843340781;91936.12216615996;85276.14374079992;80815.68222214187;80374.36664372035;82543.90761809064;81737.61020884772;87580.99466347268;85703.64697693128;85939.1179493768;81953.1283259167;83704.02215440368;83854.53207362896;75822.65218370093;83580.8850264964;87497.41266589372;81943.75545790867;86147.55722818877;85166.47064759018;82859.04116647031;85213.85413381776;86717.44501994678;91036.1707222659;79106.55631337794;79119.5597644287;79837.95637853576;85980.13651937858;90454.42796165329;78644.82917718365;80921.54351953825;89419.78826007186;84059.49644395009;84838.58490191452;82721.99658309534;77503.15565644807;85206.18166250022;85958.32995100487;80698.85253871445;86602.79586253193;78400.5857277686;85977.46074303068;79895.44922957185;77113.78522407849;84450.64331527776;90248.41160693328;80682.04842696362;83634.13684962972;83022.10983671871;82878.31938685008;85622.64768385365;82750.686653924;86466.00540180269;81697.8391510394;86614.17221040861;87466.16549569379;86340.73504581381;89012.80122053166;90646.27406921203;79087.79851943503;83031.24613768923;82240.4895792334;87631.06289405131;81437.08049793262;84521.9023738079;86543.35920675099;86665.92238951265;91663.9502420367;80703.56415075736;81816.33251787082;84338.43204857578;84216.82329870318;81334.52656394959;86744.54985036813;90235.96783876746;87443.26165502422;86678.25088236753;83504.57931592148;87799.91571670357;79670.72987061183;84267.36081656128;84463.83440695488;84090.2296104751;85486.70024586495;83546.37454890263;81284.80840930421;90290.3137997069;81500.25160034321;84371.89830977647;77863.87073873791;87187.33641528312;77112.45107909506;78904.11762274304;85107.15949908539;86760.27289277021;86064.51700623459;84473.40747850787;85249.69698911402;84941.48686477171;81105.22638122783;89165.11939316768;86259.0567766912;84788.06249471635;82959.82499909546;85139.98335328951;81819.65486853883;84407.59822982721;79329.07954635107;86790.51215183681;85817.27831561785;80872.13619042284;80737.74568301997;86705.67391862751;81269.29575072692;83296.34600952415;80323.79119772394;83992.02388706968;92359.37749248813;85863.79613385088;86767.71686984327;84275.09592875134;86369.9384103333;83369.40367589661;87936.23393239043;78065.59693128661;88029.02234622838;88169.20008681713;89369.99642712457;91786.81323618762;82455.21742338747;85037.00889152594;85651.23950526067;86994.09599955069;86845.17547108229;81590.19919482633;81737.66669345973;84102.16280358097;84240.88173203914;84808.59976091287;81135.822468357;88003.08610985262;91590.55292213176;88801.62336384886;89113.90136848504;84068.28774230651;80316.61517646059;87090.94395599868;85287.77775700629;87556.80600635771;89911.62978726398;92313.92433426392;84121.33761070919;82486.71423540736;85606.31291508148;80654.89890905505;81550.55884480986;81546.71857370171;81600.72064411257;88985.80374177071;88235.24179768037;82240.55392124111;85200.08123505767;82094.36801720592;84882.00110763764;77568.67399164992;84436.68949516023;88220.43123617934;83304.68388695199;85749.99432054532;85590.6588445976;76701.6196974385;87377.45992216941;83273.12337911577;88050.72485841883;83059.09681009036;86844.48085647068;84648.62872130531;80244.86153888366;84018.8485303105;85320.49840804352;87154.70234972103;78668.50064756988;84665.48770938005;79327.49633183298;88068.52417255398;77270.38014752655;79345.95155376996;81382.15470566039;79693.04062092639;84856.4123571184;79795.638007927;81065.66591945157;78654.0228772971;81454.71957078784;74498.65079763778;81915.42209614097;78158.89501990988;88822.07029948196;83022.49458984325;83731.15458057179;80091.90959122947;84786.07359696305;83398.91046314275;83986.80220855109;77801.27530365018;89215.10646017226;85761.42035829963;79888.3268816908;83162.92474691418;85002.08464923306;81117.93547281361;87783.54237893531;80902.77138831983;79875.00965241155;86341.77552499057;84404.11400231236;84000.16553886696;78913.68776489429;83538.33774127523;83904.8344876398;80636.64681700931;88899.76878027568;86651.56720813934;80423.50561066996;85530.0698127904;82937.55193774171;85420.84593248078;86025.20323774657;83642.68139106838;84665.25929955253;83913.75440912247;78610.3559160545;83536.62790155562;86305.39992555177;80731.6005394011;83664.06749811696;82183.33706578157;80697.62843721034;85998.57363576125;83940.36336584514;82208.1157676718;88180.1280354514;80177.74144091789;82479.9813627291;86968.48104983469;79291.13769930114;84254.28178085871;85129.61056580167;85562.75141051332;87445.7918238405;83514.89212141429;81250.77840577617;78944.69189215994;82751.3930643773;86189.84308364148;82888.39378064049;86619.42106076961;86852.13109098766;80441.25370668224;83262.32866936122;82944.30372992273;85047.24799564348;81934.34557234963;88066.17079469873;83961.97489543224;83664.13936754502;84823.1918995661;85122.27047856213;82268.89230766312;85088.32439034159;81268.30669846543;83080.38285698602;82251.23939407512;86186.89973001785;82581.93845032617;89230.48194111693;82773.89357106655;79584.75966873083;85617.62903117697;83428.90894867643;85748.5417202042;85577.77681704113;88858.83818938912;89133.43814917482;85469.78301347146;81089.16148436171;77346.45650957584;85611.30854321906;84203.06476463159;79500.87692712253;85192.96308952996;84472.6075577779;84822.12430040762;80593.22936921625;76534.58016327482;83533.08844717857;79462.1228575165;82857.46808188617;86029.14540130463;79446.89243307337;80874.45105579676;84203.38541239995;85623.06827530272;87991.66805142676;85212.80339980799;81011.08936235937;79986.88969167424;84457.85201129352;80283.26223111135;86792.3035320951;81064.55079505428;79244.91459663266;84739.81284218369;82914.97418683066;85585.19428858618;80064.86040671357;90159.94468070699;83315.11243150262;89486.96958211047;84377.28846231653;79462.10382289758;81652.38904571798;85516.97284205277;86324.2272547965;80396.8130353105;80640.26971007406;85721.62849154466;79830.73366657166;80523.28898438309;81542.472010072;81828.89402768013;83772.29740666808;85850.21399594807;85575.10999518086;77222.16147028052;84377.52375893992;80050.3346448997;78555.36295335725;80927.86059257867;82951.62327018913;88949.28795233672;81954.21593329597;86234.27638437631;87336.48217864656;79561.20545365612;85533.35985688608;88355.47367470182;85634.88665982499;79560.56591421137;83358.32738129613;79374.99206333184;83436.71977340979;79638.93277676593;82416.9489524186;83431.05473094914;85069.37395265531;83867.83327056926;89177.78103879101;83049.55751476016;85335.24065330975;81242.29711049085;83418.65698578481;82200.00586356503;85241.61919255195;77137.23410748722;85288.21077568697;88130.95906842861;88627.13161914756;79961.25257752274;84027.83152342166;87442.23824059147;88415.89764885663;76531.68788073062;85551.01205683345;78863.48620396978;83065.34981028772;80623.96009659553;86030.05402521379;85312.73938200789;90185.60889390756;81770.00990284732;82636.85830987473;84296.04011062364;88993.28954573;87747.17259521014;81627.51683852803;83707.68554618064;84421.39796916922;84013.98837530821;80792.77636045971;87064.61779613381;83819.58443571586;84213.31257705914;83271.70140326925;75949.46030437188;87051.41132677594;87666.06962036372;84460.70375526277;85423.10216761573;83774.14011815772;87858.00807833893;74577.49215749261;88038.72026584727;85140.19929351468;85411.55791245258;91189.00487868753;85789.92964494531;82053.55280024826;82756.84500177181;83075.53262643694;77396.47510667871;84344.8876401379;86018.53832889206;89592.00418421756;84002.91626513403;87960.07717443805;86568.56323175746;81165.4714085233;90414.17968696162;78846.59770567923;87387.77399242205;83978.07893622867;78124.31596324607;78324.10376480003;88215.9301011935;82054.81175954228;79903.67989807054;89900.47956729826;80609.1471406653;89335.42594647159;81309.71480359044;81560.97475532626;85162.43939960179;87569.8425310327;84885.76429398381;80629.28040095707;81796.02149185001;83567.25140988767;84265.2526899388;81398.62464675444;87618.55547334699;84275.66574311152;88864.13268075262;83447.25082214137;88823.49748676912;84463.04286842389;90784.56640944947;83438.88597280133;85084.55319056689;81289.14359873794;82960.49638417126;88569.565921021;77193.77358760196;91464.28241458783;87998.1968496335;81539.28480692381;85777.36004990259;84870.55338946532;88287.85712475196;81617.57963670732;83923.94197898035;83600.26768682443;80552.25757809979;82285.20314951861;82170.64435320365;82223.5254153952;82696.20684704851;83582.36555088073;82320.39828454162;80.0;58095.23339208688;65870.91702443137;59544.17701496005;53432.94133434421;67548.80167618753;50044.59670278616;62132.516045509255;76422.68405172054;50520.42439131544;48809.05405565512;67976.82768514611;56747.04357724232;67853.8076077549;53705.130870241686;58195.94992610955;42731.33314098163;66387.49222934167;58868.746226915275;60133.57386815629;54520.18196153932;52283.68517656688;65172.47444039798;48844.16439198161;63103.925804105886;61601.029665533926;60354.73400190303;52397.00286353812;58636.02690394528;50673.9719472283;56525.760637470274;54338.663120278616;53151.74910584255;55433.80200503858;73032.6455293419;53984.22741126488;51804.16942413599;39151.303166920174;70218.75127749209;48564.01497352095;71342.42375364173;68924.36208474034;63795.04043376242;63867.844204433015;65943.46178639361;52377.430881827764;77457.81115329503;57135.65678010117;53758.83364947915;53677.75018331433;57194.46369636421;54930.33368485088;64343.85119283793;56476.38095541496;56845.205258415175;60810.687578456316;52743.49176103963;66185.48402935595;43582.436335404665;64848.3297350798;53334.209916764245;46359.707829730476;59051.41149856751;67534.36622965803;68171.52565192044;64042.662256545584;75544.0872185798;70897.63098263006;55135.85497196001;55581.10853764157;60817.94398683267;57742.49119025426;63646.655397206436;59824.21091487366;47233.78194451898;60922.18979182544;61186.03005946975;63263.765369223904;59996.935192875215;61497.67522451088;61764.508583040704;71305.89981598161;51914.870676128565;58800.505643712175;63699.63210014122;51968.99524552897;66647.77849188197;51191.57187853666;58920.461781859245;61789.86488029176;67983.57816284799;58661.931308060186;59754.719545031374;57018.29454245174;65970.88421740496;57872.643097232285;66606.82400796081;72507.67995331652;68892.92968523433;45326.49179731135;62263.92773491408;61721.64339253428;54097.939717766305;55804.033982497225;58049.833145179335;71882.23662744608;58557.666678563546;56624.013862111904;52956.57133671863;59025.58961184662;54841.01261328456;54974.115358282004;63091.789276647294;49031.88556527585;75513.08908842859;59465.34891661077;64913.363469089716;63440.81370570965;60328.93751810402;45583.605399920954;58246.65324865785;61445.04229478826;51149.80454287973;64469.69446978327;56934.717034177615;46935.530565286484;49811.90303063784;63454.808902728575;68737.37713708423;54688.998465189296;62105.982938329864;54639.16922039153;53420.22398167128;74303.14626285044;53543.259324762555;44318.66965297882;61768.068103767044;54500.64258906827;59188.47916344082;58223.167355351776;68293.66082921355;70122.43358300094;69043.36782654517;57713.493730341346;53314.93058650545;59827.87470447173;61499.29510016372;62651.30993016857;53419.568230130586;66062.56974928774;57727.21032982058;62877.823267526706;58276.9645595386;59090.96673544165;67229.94121446172;44146.59232575205;60102.45045404572;70076.26275914855;54806.92727434333;53281.482956452695;68943.10923110062;58439.76540804192;55708.10715293898;56008.47303196992;49798.73345011918;59922.13361161088;54975.66994991533;50155.02255367083;54484.97304188763;60431.49031943124;50763.82789803189;66187.05374499617;50968.467188705945;61009.16627456159;42545.34695005247;56250.01046000519;49839.417603988084;61100.852228371536;67836.19631657761;72907.66015263429;56921.778394799054;70499.24077732753;50747.751309985615;65604.81389458518;59944.90623064843;69024.33461414644;66353.50542728277;59315.52875498478;50837.132762678186;61023.26708827968;53402.7839160984;79771.26161643976;59471.450267153035;58968.050899173046;50364.72403752713;53247.9185136267;62191.2792702204;53783.202455756524;52879.98416721495;62493.121188576384;60292.42156174327;58392.885390798976;61731.74345390996;60097.61813510816;60075.70471903582;65629.22096376847;63869.980818894255;44070.03464228631;64008.38661088082;53290.88675224501;68665.92661858062;62158.44837716072;57868.247398611835;54827.50536574327;55007.78941445878;57826.96363962902;63992.83210924285;56676.5591196209;52984.35513977226;58449.36015834334;62320.251085457814;62430.67378650683;64619.07664444834;58409.300427926064;60650.15251345176;54492.15392928807;65945.68073655579;41898.72905303181;62181.59904884682;77096.86350317263;59801.50598418812;44799.53023273154;44096.11994868347;64632.73475593741;79099.58255594416;67582.3880482158;50833.628995781895;53236.29751070422;67943.49632314927;51643.89857733998;61597.390370954025;64773.895565665254;52156.96642589456;65418.89662124001;58733.788189540195;57991.22326867869;71163.04702574585;62348.57164753624;59967.490348236286;51706.20720162949;71770.26433887429;56593.39098009704;69572.5604800208;67688.5096392979;61188.21396420107;54932.97072899375;60165.20227150457;64276.42306169995;57426.66420050149;62287.134721029346;63588.12616526768;65247.10553408452;52427.11355293329;70872.25120507512;65027.83809927832;57695.81860525669;63883.23866208744;67406.36916559137;50626.91028408733;64676.7096427721;67088.51948212192;59223.208624453655;55483.66740334111;63056.45051976354;54762.73394628157;57082.12604466379;58887.698234078525;54236.93439523081;51882.33032079655;49375.33789837072;57586.84799196245;73885.16561057887;62848.57716833546;64579.339303811634;68752.1863577276;48553.26000757236;56682.65938867369;60880.756059420644;76791.93164147233;64497.571655352855;51193.543897239884;60450.544217792376;56811.57230410777;73942.63478590858;61632.674481310285;63884.21242744615;55009.41981452599;56047.75877616473;76003.10861671349;53630.9815686566;59692.302218264034;66840.67988789186;74826.05057829339;48063.44426429821;56463.60986616426;59808.60660592209;58851.588906023935;48665.15042346687;62687.05002431675;62191.5989171064;58884.264685193426;69002.47556886714;65958.17195285112;53490.980727058115;54529.27463343287;61952.42776420349;57107.8953977577;70642.91696032605;53520.79000821796;52950.11088211533;54883.049961322096;57169.530080218574;61549.36446777256;60441.089655273776;71020.90346814513;49973.00587547642;60067.85221451838;69848.12646134477;51737.36469068669;59010.809698342884;48434.23057010656;51397.03709224153;36354.17875147414;61386.060919271535;72973.41340723401;58373.862962444764;63420.575461523054;61083.829404156524;76108.60150136039;75236.92457348375;64205.83307527699;63668.54779102778;51839.90300075687;67629.0103277744;48597.56814514461;48246.09717121544;67533.75471292534;66499.55235347732;65627.69580148414;46492.52645221872;65356.97791211936;56977.39184119263;60237.0671070197;54389.4787237916;58541.390967596395;66267.24820832735;76301.78904423481;68674.52003576251;54023.556514896445;54856.912535537296;62821.072619143575;62899.21668769241;67377.19422507088;62599.21094197139;64269.27319227411;70273.72707544483;56294.22466826253;40317.13984116017;66425.28548650474;57537.026479410626;51915.89965906323;60112.15439310338;59091.23810209282;57536.400652823475;58805.337201200666;64916.43454003305;45003.43310774351;46284.32897132207;51244.75742846188;52487.97437302864;55098.098076507245;57995.760865971875;47079.25365506291;56811.5477851618;64660.01937365188;64446.14779766777;56040.856514488776;69541.1911925512;54371.42746665704;58908.83927535148;69117.17735386433;53731.951276830194;65118.02866919961;66602.08590521775;41704.862962464445;60213.34512853912;54901.11534281135;62530.53032792378;76406.31738469616;61332.72320993543;54227.80567711544;61720.261389314415;66539.52174741463;62871.401935626775;65607.35772268822;48797.1214990798;75061.48365857748;59661.550284424775;60422.370769094734;55424.82017476894;56689.54830507671;55312.61558078113;53019.348180552224;54628.00942128478;57027.6407158657;66861.83171269664;55085.000983092235;56245.601018708985;64104.19397147524;69080.39856779206;53766.766612500185;56809.79230516357;73968.10634707689;59038.513174460895;51998.41303739585;70406.46494545514;63890.98101904697;55818.96970742865;56528.78476643504;50764.09296259317;73010.77002562584;57309.13614805207;63691.815338257366;65504.64491292495;68865.84576643961;59014.025502505814;60705.169745584266;44801.19599679695;68728.58817780287;53513.91619326754;63203.83281859697;59251.26609361862;43874.67875864389;50172.25272750664;58433.023178816125;58679.16712475981;52219.74021524548;45314.09863901127;66558.6157757184;52727.26831871267;64378.30030217214;58961.78310038452;55184.06561852319;55307.936129402784;61460.215425648516;49530.78131006118;68558.26701986526;51306.1324854608;55716.76616652756;70701.53360305034;65829.074238085;65644.09253081004;53380.97796293076;60026.62552526586;74984.16688876112;63849.109075225126;59523.157889916474;60478.828589065626;64506.18094110428;51337.76755503284;57106.473457327236;64001.4660440798;73303.88006093247;54782.23492842318;64849.146439050506;50347.32171165161;51782.63172018231;47955.093434884024;63502.61824142633;53733.4085923034;63226.948813306844;76522.36052048796;65887.35477876097;63649.58072725966;47000.05904529087;62948.51951218553;59128.22020276449;65295.15296177036;65300.356362968974;67494.88534486457;49604.06275400613;72352.24764060428;55831.30987490922;58059.50365040298;57287.05779326493;59614.18413335718;58076.12871161584;51034.98704515398;57614.535327826925;61683.484323607285;50011.66348499988;80;55620.34688092547;65449.43628173247;55548.28960183174;64670.52030172585;66161.34776596978;54608.648336620936;63401.761236243525;68575.61801563151;53835.8071993341;74963.56969578791;65991.46443880713;71214.30235859142;47154.59366377463;71203.94409823851;61558.722144561434;58866.364473693684;66193.49051671047;65256.197919883176;65485.173666476985;58725.10336061202;62888.02086142697;61038.99526361719;65981.67951992665;65684.75997790918;56731.501160583975;56638.82217958475;58607.29459058117;76442.03307357492;67130.89453036989;73024.82891860094;55064.36567602166;74734.48780626443;70663.66607435873;53326.47776925696;68479.34049756301;58375.289453800186;56031.688461834296;74795.89138469801;70684.70277358098;58589.956691402884;79939.7912433411;68232.20473282717;52162.393108982484;55709.14848432492;62130.58216186814;74234.41754247133;66986.58008016278;51368.40111136709;65167.73151185506;61035.094743232;75043.25522618527;55417.02350047657;76420.5325977869;75260.41083483178;54773.87535420878;65760.645958722;56088.30991578038;62290.732577817194;74464.28987553134;53439.163568142;58320.40445646747;74901.98523335512;69341.57490187352;69762.26784240836;65218.2811212734;59397.89807331997;64293.12210704973;74199.70147473691;47953.422437137975;67305.41383662363;69467.31946662109;60798.79331006625;65897.20052517555;66429.9396142213;67133.32231128229;68459.71910476778;59878.730315958644;64168.98277441249;62868.11662014171;54761.492972319305;55871.19461049356;62987.44678084884;68178.16784109951;75817.79236153385;70497.7736570747;64591.85913982028;53978.497140357686;54256.78262688945;67185.1315492926;65742.67407363844;56709.628785955945;58726.00984269557;55143.989832284984;53477.25555007653;61049.353634817206;67051.98052371271;72769.85370336896;65583.90539510935;49905.570355900665;63517.36115037763;58902.72481988719;70840.38902776863;63714.59593379335;59211.19636584375;65929.6726419522;66134.79713099479;58293.93987695704;77123.10311298932;48672.196555396964;65290.07456686893;58410.831079768366;68639.46375585489;63189.132013307375;84307.93809390142;62642.720254583146;62312.454676234025;66685.59528358883;68408.67192447088;57208.92320167929;86614.37581403644;82230.1223620293;65712.89820451959;70219.4964752316;61179.87254946253;58037.039062798925;68681.0688607968;56970.47751702668;57446.825112487044;63667.128499652776;46213.134951103915;71440.37640169298;72192.09604492888;56730.462003846114;71544.80794353096;83426.54057987113;60122.602749265636;74657.13642728911;62950.45836403995;54826.12467911339;72744.79843409179;65681.07979855343;72964.77679681723;65939.21393075117;72989.68577883576;60852.69546822808;51877.29988562581;61706.1680888109;72583.91509455041;59061.46409076952;64173.74610662607;62383.480637886496;60905.56362141765;53490.780523444286;66957.41662215203;65634.05826390535;62879.22484523596;59650.005012797235;58823.071898190974;66765.50171631183;54398.30043201446;67560.71394539661;52978.698057823065;62481.25417395141;62316.14324159196;68927.48296648174;67592.21569095977;56241.20464190168;57758.170536975565;60476.51459214463;74534.32954994662;66384.76868643789;52441.161644437314;57487.521834703424;61326.309749126085;76924.65380750263;59596.58503085626;54384.526796125916;59420.54636542707;56094.5645625179;78138.53794434648;67445.93882652723;71029.87637280326;67546.54063954843;59005.56341358112;77753.23932294188;79058.39875537831;74368.50089839823;68452.81622117563;46608.717341319265;77248.22300391563;68078.75537759822;61973.36255924856;56109.1639424894;61689.97482275839;65060.531565738915;70338.1661799295;61110.995016837674;65607.55335789334;54453.637845546866;55119.70140654528;65717.62989983223;70647.03084122237;59257.43429958577;55021.3914421673;73259.26642143779;71191.75876515171;58887.417042903115;65715.16387762188;58164.412816388096;72533.85084432313;83218.19366183267;71950.17690061849;62794.389102347275;66630.36776076992;63901.381323134425;69994.64494449677;52076.61430392961;58647.202962403826;57790.77956536102;66575.2551713207;65482.93293441596;66681.89363407798;73736.40346796827;70050.53112458371;56704.00473693571;70511.76628016091;60058.888045829735;72169.03191568953;71038.81120659731;79984.38339693527;55505.78930965866;53723.91885938196;53738.61739563324;69895.9292882399;66187.02208693605;52674.30421005552;55474.11010015001;57510.26178054325;74700.60379057891;68694.40975124817;55994.64740453267;65165.00506869286;74856.73125997424;61363.391194121024;63097.48173034465;71754.98468841371;75143.83201456445;59689.663526063116;78756.2617666164;47447.83797234921;62271.035177622645;58589.87762507383;61998.496313217765;59635.76023239736;61197.758972947675;79445.36307959544;62616.90753058442;69869.23041633179;84191.062964588;70939.18793265753;57068.082117174825;63668.31268758794;68037.22701355416;63707.15796621829;60563.92703013794;68236.83973546223;55573.22898332127;61139.78675094082;80958.07182220563;56350.25270896869;73151.44159559716;74833.1186593686;69624.63599351035;63522.533835830734;73725.02809548457;67186.57444947246;72064.98032016782;70455.03153253322;47953.337317446014;58594.995729887145;67356.09300598459;57857.222821052186;70552.97644024037;46937.51510805868;65246.191797769454;60959.81030729505;68997.39508222714;75705.21816699738;59621.143427106486;62946.62068843883;58677.5480763134;61407.527877098226;54945.54934384869;56998.09036391191;68436.95936567355;66297.86952428665;66945.88766018061;62393.98942610338;67619.47853583132;51098.139306074714;70732.62759411639;68458.53354352628;60539.794655728525;61217.53154765121;61098.65982634588;61947.33960675383;62057.26316630299;67173.73028796901;70306.52966687143;60549.743034271414;80002.09549622354;70830.42938150787;61052.34423081608;70212.462043085;66035.57986738197;61120.44540654335;65388.89479565753;68395.57994738019;51023.30595485083;59799.36919813925;76852.93144256093;50821.46430653193;58128.99419699298;73366.53819531378;74175.32024017269;57748.895197331316;69725.42588222635;68903.04702582711;76568.82581886194;64192.04768816742;62227.036450527194;58615.00202677782;59664.43080498577;62536.97152640125;71246.39088528413;70324.04755571242;64608.99598108242;66554.51364352641;67841.90748250077;72089.8288494225;73992.72670919678;80815.30346753329;53921.81700400627;76941.8343459777;52439.070750028564;72541.20440057697;63772.79657275043;70035.25869693942;52981.355635429456;49903.74402556745;59259.23827065151;50847.75067056449;68866.64429793344;54089.45290385938;62097.942364712675;58779.12463311454;51424.00548534528;69081.46276888202;64641.61681632054;76680.73446543314;64700.87010608067;66323.27968708723;54069.308482360575;59701.05697044436;61388.28343101753;66073.02915578103;70420.8220205176;51303.57731664124;73116.01959366955;65074.53521928821;61157.202153796316;65910.27388150497;65107.213310268206;68262.69886247668;53956.007408121746;61151.464047521054;53522.84462512691;64320.35259597518;66312.22672809419;55900.398387647314;66671.40756044239;48619.79037769527;69999.95494195669;57735.044553929365;65443.275492681925;60749.71962211697;77987.23984686822;58858.60791754759;66719.99398311497;44861.176415370544;71742.66487527812;58830.41784002138;60192.71844368702;66165.16368243299;69857.49702554313;55580.656859242634;67206.58244583654;68856.02975856657;71374.67637320582;72219.53497084466;65584.0435166535;58154.066187092576;53167.830404100896;67756.49639746873;65935.45471004819;73478.60617797013;66479.48846903977;64962.64748117415;60860.12502222374;52037.19165656324;48453.15597636301;61865.230121232904;77132.48697500753;53792.37848807857;64686.157552642275;63668.659246821175;67955.17695702768;62185.71655096098;77554.6878963892;58541.940145692155;64445.01954956955;80227.40202417725;67440.32958181389;57931.28953306371;66757.04768599727;69680.97758066548;59271.5714201098;63705.39581240013;66390.22477232931;58781.07031884393;65070.83237908004;61263.07116786171;62640.102467860175;69631.15267500856;80238.02839741428;73622.06925516405;75710.27809343339;69198.36049154088;63855.59226886095;56612.975711377374;66482.90565481251;79705.63888944466;64690.299532688085;51095.02929537458;74305.16177617597;68488.4954982838;58929.064567324895;57015.8549750018;75211.12732452937;60242.758406028035;70917.06183001155;66610.274275771;69645.09065474228;65574.65999510718;55970.97732511993;46377.60471640543;65789.9695518463;61651.71271033168;48877.259080641394;69847.02659055412;81717.8406074369;52928.8951636121;52656.23847107568;60287.494103182165;69826.78456158495;63008.49604918117;68281.04017098271;70619.45988211909;75372.04024802378;61416.93585586383;66429.80414871007;63801.60185640383;55471.38775020206;60800.345938982384;72606.40676429354;61236.82540190397;72752.54737738534;64661.85045842077;59348.37474035003;64307.152444299776;92598.2306079252;74205.51098921713;73242.61318976586;58145.64685733593;60723.20054560727;78585.85360380293;66991.49855237843;71295.36949962893;55865.45606585809;70855.8534863791;65906.14510676143;72577.03269703456;61913.25186943835;69704.38405296065;59653.53749114832;67690.44925901691;74426.3743532268;57913.39815114595;64215.68802461091;66652.63107733826;80;80447.54319034424;83180.99736576425;97232.54081527713;80849.22017750441;91768.82335995736;95943.60986608117;90189.70403854948;79524.36500064809;102678.69065417693;97928.80935472688;83013.86046792826;80190.28585174696;82917.90264292077;83142.35013341515;86886.19164459844;92392.99540160148;78672.32942082017;88505.82600047649;102526.79641566047;79647.48419303402;76833.67983559148;82466.78322823811;93030.03313622152;90931.18661522232;87930.1192013292;88443.75292206946;68852.98291450707;101842.07211132439;87935.53986512679;84068.62675020046;81787.87047111613;80903.67634253966;90348.21263292368;93841.52471391748;87169.28147372653;88864.30769445498;78310.91588002299;77415.36112095429;85630.75813918549;71883.27119244543;94654.9978530891;75372.14977651465;78523.17995751099;77892.77126719872;84002.84066522899;75269.80133443496;77896.34232033585;92725.77846926148;85172.03882240102;80058.25614273564;68246.92356384812;97322.51906471203;91182.8890732464;72972.87306202107;84113.74092338093;76158.16967621353;68686.05027693795;81972.01192761131;76241.63961547228;98339.27603908825;86396.32494576719;93782.52820273279;72489.94357384415;88556.23981189361;97708.6028327996;85710.67940703762;86754.9181958808;89934.03868685481;87814.89542405511;91855.7042420485;82711.61070587428;96181.15527024637;84086.404815974;88175.60841022393;80901.02252905593;96633.12546833217;89171.77271132152;81379.24550032221;85278.54323675574;95113.12690709524;88186.44586481745;83064.0985859579;85913.65416695853;100295.21843449248;79523.92555649213;90574.84267988618;84975.68992849492;83009.8295360873;88132.302006718;88032.09379609892;94983.61278914196;79085.61850632461;93582.10441032107;87707.26122338527;76330.0563810023;92135.6924908728;92582.29780703381;91627.695539569;74315.75096827759;91968.90022075636;82579.2459481897;87545.89747810666;88010.56770901642;79273.92354931364;78420.07652205974;85959.79789937113;88029.83365049378;82831.92502703737;94098.74548337537;84510.41788211155;82386.60845389152;73620.8510279423;87224.6753445066;84574.86127807357;80980.95825063689;77998.23875293585;87975.29248346799;95733.66927158447;90424.00494018193;82506.86869520963;70868.30839524348;78440.32454975188;79205.33323980353;95230.1850393143;92656.98642060466;85300.50717013037;75844.53998182023;91649.4609749848;82901.12274286684;89072.17262960001;80067.70497491106;96899.87124023412;91695.334696497;82743.99448986401;86736.6603707821;100824.19820507619;84165.19328702506;101913.88456000562;80854.43504626662;77444.88191925836;84235.85029740831;97607.0379800464;93875.7321951262;95545.65921216171;97327.77108937126;80649.14606460634;88591.41024072577;88566.22150774092;90702.38504543246;87005.69519842684;86021.3142191743;96781.09714232793;85673.12040937995;80073.30068854896;100471.32946731566;85620.15621040901;94006.71783927373;75026.48505867577;78970.70949540785;91766.52548606633;78813.85787008093;83017.13982588907;87696.10049947145;85060.37497032202;94662.21222472034;71658.33507314786;99190.36561616918;92459.77638455236;82023.62269601233;88514.58358666376;90429.23649560404;83702.58031874662;80635.01374278798;94182.09666443328;79207.55856426977;80283.11467109836;88878.29778781481;73990.78861176426;103589.9231775651;102624.56096710193;76977.67690942253;83235.63714981968;93778.00464944387;95478.34831033547;89492.04812528231;93163.57354816268;69482.70220924867;96085.23478525547;91470.75860070568;79733.41731810647;74562.59843324954;74426.8541197014;90047.07073970213;83740.42579356994;77241.87441569172;70454.70907311502;65568.59333097201;75646.8016283168;72397.57624840061;76810.03753673121;75950.97514670357;95211.82496487856;84279.3295628108;95921.12625246873;78399.24715520164;88683.75986232945;92467.13308265398;80441.14758677571;89712.71670972055;84761.25254995876;77137.77876940621;83126.24991631233;85450.68166763088;103244.9715018294;84680.4352462657;75255.9567794298;97685.78232014844;99435.11442505778;93577.49271321674;85387.66346429866;92736.98803293244;67376.97756794853;75888.41388529669;80866.38416886199;92864.41457148542;70909.76219210128;73655.03201425898;86477.14871823558;93329.30000996275;91097.7930009464;81010.12200117385;76819.67630994023;88324.03036503731;91859.62011606334;86298.42045591491;82856.43140602346;88010.18254678584;77884.20899835016;90497.86349807576;80347.69923001362;89688.13585660563;93757.48918587473;96810.36311499313;87038.47916650787;94721.7515306251;82115.05926692138;88344.90794949395;93707.15325977092;94200.82061339704;82575.35959394371;89898.17408545729;90717.25958417542;97983.38492484127;94576.88348123584;87613.06490715407;72612.77279497124;91472.53253831073;99635.85745258584;91782.74741856457;94075.68423149656;75106.46045380973;87743.79598943215;93239.6384687869;91425.55629393127;87473.42262929579;89858.53163170474;80902.08817901759;85651.67479732995;89083.52717770336;97616.61361884046;71442.61959667137;91135.54914258348;104432.86160689783;70052.45045234762;80047.27333055745;92677.31355997543;76782.85905197787;84531.62788159143;95315.12389538546;92493.29795569864;77229.92336693825;97703.22392558867;79889.94996080751;80727.47908496481;94582.54471925453;86075.80265418287;94962.865894449;87952.15427078168;71657.26632941214;81481.18078150449;73866.3890432503;86891.04265144095;81759.64691094418;92897.55383595174;96478.74427066537;89760.24216963707;92285.25670231068;106227.18786118305;76899.9817460523;88054.01172223149;83103.3258712372;97705.40839955822;77714.46189299549;63666.59666870504;96260.03191133119;92996.28874735293;90704.67684348607;97019.52098943193;77812.00846699653;91518.86085994511;81262.84036362478;77318.69692787205;82299.55339116482;75290.53668111173;80913.23256289713;79252.15502086113;74508.99568518173;76448.74981018974;84795.03229679419;93241.09130909343;94062.7299205083;94145.57926254602;88971.56258955736;81420.57472963893;75295.4576441933;68192.38321217803;98138.12870122687;105818.07670686617;87750.83317895392;81824.60845747316;78317.81199814858;85484.50314962442;77194.60333809328;83597.6972588682;90498.71796011932;94577.90814663061;68777.47678865862;77401.30807433656;99505.79925512162;67200.74453160811;71927.10127787446;77246.125674265;93363.63505998133;66807.03280991947;84594.13801156235;90592.46864898872;90912.18769015168;76240.08454288947;77443.77025498604;85490.43630572563;85142.81974654202;85073.63052233242;105023.67154368325;85801.29862853914;78079.06542963389;94289.79748197233;98333.30030994338;85863.4521551328;90802.47990221676;87116.10838971494;80026.54178558808;73804.51209516157;82381.95011065615;88336.40523388525;87541.18394450175;100205.03222444537;81270.17637300622;100691.65173648382;85689.05299912186;94807.35024332114;74249.72907691507;98202.11473132463;81435.34170300045;94723.11016670306;94698.2819081631;73693.30393134686;72214.7442045418;62493.007044903934;92325.2569080791;91387.8275520753;89871.07203620244;86036.81586107891;85950.90685565773;96847.3207680938;98987.79055275206;82455.14330839334;75283.35968740973;104640.49531582801;82007.02161353591;66372.4228390913;91357.79303492758;104041.89277458367;103637.69851205351;90112.10652913596;88426.9421911751;80680.39157458709;92719.36540119015;74756.55600255841;104867.35227331473;103002.81182361284;79496.45804473397;91884.35648570553;80331.80403861795;99100.47421682428;73630.44119800504;74539.17527942863;94917.27422728288;86153.04281501795;79790.11024428759;92101.39372740977;79570.20961969356;93559.28638600706;89084.45395098992;94796.7554579257;68710.9191190562;89485.6325712817;86802.88934232327;89461.5453580292;104346.76189577351;91011.38407889448;91036.68193475762;84630.17363231633;94287.92545652713;83842.81940095325;84295.13226047251;89005.30771523697;96842.8125268706;80851.45135676066;88902.42680549079;75804.3114378294;85124.10418680657;90049.06810304165;89433.53836906578;100681.68808610774;73971.55835230254;74581.02981888081;73056.82119395424;98261.64389283766;87704.8192351538;86010.43146282839;84969.82115875909;83545.72112909763;88350.30132583882;74755.04120172393;98453.62764269928;78898.67460577458;94586.72596864004;82570.51961365747;77660.33927876662;67232.66708753529;101824.08401526537;77934.39863278286;74031.01865873665;67656.93334234339;80603.53414487209;89312.46420642863;75381.64489280534;101618.88128194687;83703.44655796463;88876.32406817368;91391.20282812652;77624.43806722245;94340.92898183981;75566.48295817687;86530.19345554002;93453.05022000948;79979.78035236518;86252.65989517015;77774.47092224755;84623.54671043938;92643.36864374822;103922.33097946104;81909.94168447788;86205.85124530912;91742.90756438252;96184.69812552352;90521.7902712272;91128.53947854502;82582.4398987669;72740.71548867133;70285.99673200987;76705.09934972867;100855.73967645798;84015.01036596645;86401.95921031761;83859.1541809832;76767.98329752593;79906.71502644666;79768.48034296831;93843.56580834408;92844.8755094456;78969.85356613323;83181.94363204302;81401.78414816545;86894.79452442602;87420.54527706535;106330.92719192078;79834.98685533028;97100.371600555;76642.21293230922;80.0;54626.28117689368;55919.03551277662;59905.71480607375;58159.04177668491;55983.45671558313;56807.405566930465;60680.19004700704;54361.94802498537;58282.29745614949;57837.190979528605;63052.88705320602;61151.947976511765;57846.852251627555;59994.49850661324;54997.96767113989;58856.44809141088;61295.90556553374;58444.862687078894;62715.255198323925;67338.10392299123;57933.785688552176;60490.13639034898;54362.49672986951;57592.127937589496;64339.52539397491;57390.09850433737;62327.9268909882;60038.34522222116;56028.1611073629;56094.00267599056;61793.00477701997;55594.12311198319;56187.29837979073;57828.796171705995;56809.4337517624;58194.09914059727;62933.168185145994;56316.75133735124;53488.87285437047;62923.641584668294;54297.4988426649;54725.67690422641;53090.45231680497;59732.353078170905;55119.25011712662;58217.68002957624;58313.79652448756;54228.42844602306;52349.6993277712;56442.681484671375;55731.430933740616;59301.453952742595;59511.906323569325;55330.385236158356;56431.13413510939;57308.31419745997;58709.864719977304;54981.22417276702;56482.715066442004;56731.98328599498;61228.64791816839;62026.84690918108;54807.569762290324;58141.86839554481;59517.161234094216;62077.14394774862;56591.407194489504;57884.48317004988;62375.466381207625;58655.45787712963;57916.65750432191;54853.02513397128;60121.97769936367;61192.60486723161;56449.09520497754;62810.91523099781;59270.930261236375;61053.58467714834;56509.32695085829;57702.58879882201;59647.652568759004;60270.69804957909;63804.59119253141;58385.07093289735;58538.92776469888;57126.935086547775;59873.65133086116;66126.78511207426;59800.7934135879;52010.524038198935;59839.71306455202;59507.562383746576;59815.411570869226;62077.760727255496;57761.60332028809;55787.15160335752;57543.66010590873;56140.94096956242;59017.363410377126;59461.08904967948;57588.58194430122;61700.38972071676;62333.78559185736;60945.850004572414;58309.59830394098;59601.810120946175;53589.97104027142;58183.030850958974;59643.71927849287;63914.34202283428;59865.82527350923;61826.09281802211;61009.127638250175;56105.318297263104;62166.352365464925;56008.692885542165;57991.1413753776;62573.910451016105;58714.45445676692;56686.640003690525;62590.071206238565;62650.06583673926;57985.543467615345;61032.13379451497;60918.734124900075;58505.07027873595;61078.231938609104;60586.838655977685;58346.6590462925;58935.84710235581;55912.73778136894;59534.66010442891;56136.447642444735;57407.95074380133;57492.34905246545;58003.07977041316;55354.941867824964;57499.99465207246;57005.24332292263;59818.163945037195;55732.134339386794;59018.81290793304;57026.28566959178;58215.43651443043;60744.929573935966;61910.17002736063;56480.01048561152;54560.88281503868;59872.559097027566;58263.50254872787;56490.454897263575;58441.58974721292;56210.97429198224;63578.71084547152;61002.05124099251;55762.768345246994;56325.579833150354;57162.62497114138;61872.01879214174;53701.824898618615;55495.14198385039;55035.15069605495;61547.14474212036;56579.3363132908;55248.15862413845;61081.821432895886;63867.407907779685;61429.11516473938;59124.40808032832;61258.56187432418;55513.76629131885;54954.04937304907;52731.854461848234;56731.8612255753;55284.93577597372;58484.08762729936;53612.239791820895;55884.34779619541;56406.762207663;56924.09175073888;62669.21293270368;60092.365659113966;57928.94032119424;61313.318214865234;60024.05204664041;58576.865179465196;62103.842536316755;59049.79261753301;55319.42404171768;61482.06126480126;56241.339192112195;60182.04336629236;53859.345325237344;63274.41443464513;58692.13350285753;60322.4013764924;63712.714915387354;55638.460139355135;56078.55954398032;65174.854033377305;57358.72358455242;60294.81044969348;53263.60122296946;53777.65456943373;56156.3249898392;59213.121209098535;56639.967684733136;57866.238321715144;52619.351243523575;57786.67005563631;52778.96780884278;55072.265482908915;58497.28044604129;58874.512835770525;57473.11137546128;56311.96933261331;55422.313967844406;58811.008829162034;56078.82038190252;56869.84975246369;58266.37681775133;58926.30974570523;55041.025479279924;61349.94117712952;54311.26088676648;57315.62882237526;61192.89678233718;58426.79776379245;58677.23558999383;61960.30471771552;61732.174459776594;60044.58165906679;62347.51441000499;53036.64610236816;65570.97934617264;56225.77408116894;54560.910731345735;56601.02078812325;56676.994834159974;54102.91749778741;58635.94285792543;56212.55279886366;56602.615297648525;57075.5666610433;62882.915096780256;60869.10482791486;60828.858303411005;53100.88780452251;58334.325914561974;55479.48988984119;55307.15043401874;57914.99803962515;57959.373320549836;57796.86129322367;59334.45584945848;58775.46132647197;54219.18501082165;60857.84245778909;56639.47915955206;58168.03118328339;62255.29241978058;61878.23592793044;58243.57306535998;50339.648095619435;61714.87479552456;57280.97646573452;56912.4058839115;59995.61388371213;54862.461319795046;58823.484430854725;62687.10144159063;60716.39131880394;60358.9550838767;59881.68148205767;58080.52443878174;56841.422153601874;57677.12321223545;58818.68377011339;54030.98395458577;53338.56067490265;58742.86411104499;57175.59454019697;58109.5297421907;55258.52841360204;56978.818774026484;55257.78442377559;61914.772617593575;57328.82674545868;57707.70932795202;55828.24810775131;55169.97890771947;60492.471311365225;55818.010470154055;60171.762548752275;61657.440267586;56842.44674049399;56320.40138956494;60559.44791555499;58771.88605610501;56979.980750063776;62272.70725308957;59403.66963185713;55595.45252293619;61651.1421868693;58001.871889990616;59075.881968794616;59717.239383113694;58028.71162884197;53906.908334454005;59904.06836247493;55823.93800597745;61669.137305878176;56439.65333301458;64004.44273300121;58998.299161259674;57762.78859003113;59682.60011809742;56182.127313450466;60716.36769133206;55411.85991703788;56835.29917380475;57377.80488257447;61253.82462484496;56137.325586919535;54322.90103325392;61634.141566291466;55929.56133747664;59777.1617316866;58626.161385734464;56135.63976474691;61865.16409704122;58147.79561851362;52784.11418671074;56209.18768502658;61788.668937497736;59544.91468022709;66566.81098491525;62798.42108239624;57937.093259942965;55459.788111579095;59850.688356938226;58360.18488620138;57264.01969913841;61396.36317648582;57380.660390068966;62317.81217436001;55807.90806082542;60519.801414575755;58787.64613889973;60113.17996796128;58052.07993229388;55867.48291801553;59789.98490421621;55820.43587343943;62629.30759850035;60284.828238098096;57894.92732708343;59695.397673243366;62929.92676775707;61641.74742531961;59429.25241858454;58144.444138863095;56285.80767054464;60084.99193089808;59805.983302938555;64614.696236476055;62727.683941634365;57512.030547997376;58659.78027228807;61733.75366758532;54708.50792058103;53642.54857723472;57901.33061690277;58461.267237084925;57503.75819552378;56239.260226178776;53468.436981247985;59001.464686456886;55041.092648608515;61365.36226674575;57315.03705450692;58540.63996952833;56109.527093587414;57510.24417088884;59358.068792377664;59875.9879965672;55599.14211264472;56247.17349066416;62607.197563572816;55753.01474459035;58571.12197601503;60595.55828412438;55504.02606349219;53862.405831513024;56399.505139281784;62823.30937311194;53030.11952687521;55262.594509375216;62779.718633285156;61398.29628204657;60674.55155767202;59263.278360552256;53683.36952691294;54795.06504509616;54665.23675422066;55504.28215911057;55402.22819565874;59292.31929055335;56910.60143467817;58315.69757242741;58710.476668223426;56646.239526024656;59225.65199691238;55986.52779815287;54963.01861951621;57635.004732386566;57469.631734923925;62288.336203672014;56784.782015471654;60889.708103164034;57419.19975733374;55183.17061854897;56167.29804642792;56401.26271633204;54333.74157477865;57872.94606339115;63646.58415284361;60378.25074498242;56706.66852470415;56268.86407662589;62551.206454569154;50909.24522177099;60771.76199439082;58154.651456456835;58889.28847322241;60052.56072692478;59261.41341475747;60921.464030881296;61514.867862447936;58091.87599168324;58137.247841754375;60331.89467327915;56034.897066692254;63411.749626551195;62060.84029408272;59661.76760365593;56583.916582922364;61745.91599622169;50102.29348977934;59507.16631158285;59726.477162613875;55567.50256140673;64425.07804929088;60141.82386648716;59082.37144402648;57121.13616063832;55047.582175860094;58987.242063725134;55701.7064947981;57113.518975558625;62055.960050160196;57727.55846305716;58318.139895881795;56375.917332723606;58486.61967874122;59358.22700723169;60403.33503102763;56280.842069976505;60140.38381934501;62353.131673280564;59866.906682101435;61864.37580635497;60105.11397408784;62421.70604808246;59816.37193195948;60441.01790482331;59873.62140673483;58390.42127784758;57901.69838770267;55750.91931939997;60405.147107482226;58928.81397598224;62022.00251684443;61567.95238720037;58815.681025003585;56891.09470642005;60639.041434673825;59933.43517151133;63623.828795306035;61265.644873972546;60007.30143271162;63576.158240162986;58601.609182751024;58719.81470146161;60874.97214661472;59908.42716032575;56396.72596926458;56304.78097704769;59825.85669861803;62554.497720918895;80.0;72253.55462402066;74502.31025555165;61133.82635749747;80970.37999049124;88071.43763755957;81481.62427536618;69446.1667959705;68335.8073428729;69965.45080978694;58225.14667321593;73053.58607898523;69571.87741245212;70305.82560565308;82560.79676716313;74605.83883626436;93791.67001758021;79198.94405071004;57437.32196683611;84535.77074433977;85214.90922765998;69802.45339470153;78458.56427930444;81753.30071847129;77954.37456609042;69870.96747646056;71990.73414751317;79608.0197078849;81770.79391084377;66589.39041110058;73938.3820054788;66763.04386979097;71536.26917040651;75728.15561411435;69993.5305411726;65727.29454733005;76439.1204775564;68085.15561971009;68243.39465161331;88111.21072908667;71550.92071789203;89849.17871292606;77463.57767870007;76260.46076479834;79846.96885232133;75719.0796326788;68908.76785844917;80915.82450930886;83130.95770633455;69934.56631771402;71533.58613316073;88010.00630028825;71936.43478151716;79619.42802866775;77813.30605494967;54759.17724181212;72730.54083923047;76551.47428982885;69477.6544567433;66733.34879483418;72092.84144935079;68000.53235859724;77375.61193406407;81303.97898366676;70273.44719212624;78789.86028374342;88874.59177027816;75680.65720538872;74097.19769738766;63520.52533558171;76838.89718326463;85750.64069746225;70769.14815636832;82718.44830261414;85195.43992248391;77610.32294275734;74243.24916087749;61067.03051310813;64804.00559256612;74194.5020884496;86252.78050324298;69869.46420960178;65162.11462004477;50799.58972698784;80179.1993677939;64300.313888748366;76773.33166209728;70967.42505942793;66027.69131598322;71131.64725736684;60806.4643302879;67341.5739139608;68342.67214127451;77825.71275064298;72796.33207239957;82009.86124260895;61772.910465478766;61361.46032460137;63059.4375990446;75560.11484110891;71116.41303170654;70262.65959903983;70735.87953470252;73343.81089965811;72803.88741539013;65616.97390119925;70376.346595398;73251.2806611986;72912.30136934925;63892.70842374671;73653.29219140264;73434.22142599539;76998.61990206281;74972.45897280266;74344.15069848092;79235.0748452512;91073.53754220156;60844.958379994074;68012.337276685;73977.20966002645;80893.69168562397;55001.027922544294;72828.47653376366;79200.2870676216;70693.35628890255;78045.4560864355;73837.39177276577;80929.87381837223;74155.6116379529;79620.62387666712;59185.611794635;84731.08221719877;81661.20827969853;75010.41527226982;70339.76812738553;73851.26223642632;78957.38263034097;73542.60543951322;65998.894103142;82734.77271665474;73641.03146437216;86198.91843700309;91483.02346672265;82557.32309420055;74283.59208265594;67690.10746312798;76705.17156442508;75533.69171897144;79042.9610113368;63322.27145492258;67727.92318880407;85839.12573930593;77162.27294125824;79554.13318480722;74320.49794056595;74924.46794065663;78929.00219761871;84970.48360644063;60034.64238423872;77049.72197362743;70335.30449708889;79859.84048646106;63467.86883775762;84451.76800426233;68184.01595495564;76281.38904157595;56950.08629102748;86729.6406082023;69195.37092430073;77779.29746556428;73174.94599406095;87629.75329833798;71870.22242384183;67871.392054905;69492.26414898934;86189.30334760528;89128.65678227894;59127.902857740904;72520.43120932067;73908.66766193626;69903.0046335684;79410.13103721692;76169.83464927987;88454.3733360807;83310.46619927869;74332.36667902197;71859.25022002506;81127.7614025285;85799.36443635821;84207.94196255581;66451.82775604018;82476.86503490011;83425.97959666683;70197.79248341969;70069.22654661998;95587.80860868776;72067.97389064892;79459.17140775346;90488.90352497816;85692.52074705093;75608.46928794807;66679.23116856997;76316.37202874137;69188.27187430902;73594.63298667257;70543.70735026535;71349.44576993771;75474.74676959171;75714.01953211176;81343.58269504961;94297.79985706873;85420.60776207052;83271.09654089263;54562.02885886869;69893.37201941406;81221.50817397334;75676.06941619972;78334.75400791195;72064.19724983406;70035.33663238893;79936.25310893435;78327.20260051698;64614.845027462776;78178.69002144;71860.80006348717;84901.81281229491;71694.59118728062;66514.88158427416;70781.95486405189;85958.73798654374;80046.227681483;58291.89978042286;72251.41422789916;101271.06336958834;73899.78912957525;84332.30180321915;60056.090507274545;80594.71689215704;69011.16293522384;72652.98422233996;76109.41384482801;67773.82204337086;55645.276883645274;75345.9066586104;79846.52889116653;74953.20226603701;81980.97212700732;74847.08284081677;69965.46566411972;74556.10013703303;73676.50120475219;76580.4457706302;74131.87380828509;71924.72180592021;80383.70425409132;80915.07716439414;55575.25630553919;75918.02099734951;94937.25861506686;81464.47612507394;76226.85398302994;73636.4962653125;66491.35884599989;64063.45865183501;53897.83298213733;83950.64691087272;64541.964564414404;88460.74974202014;76330.29329624056;79683.03935021031;59758.65173859992;78228.34832210635;67143.62252372291;63663.81975194448;71651.78441793736;65922.55983663817;81926.34621202365;75477.37302712302;81299.41935076783;60350.779135954785;74793.00965688075;71775.19835995592;84077.84657779832;80101.97495821136;67062.68470056434;66467.15873900133;67611.23203940036;83666.11684218119;70821.59566322001;69992.20913836351;80760.32087726015;82152.22096012595;85260.00516959916;70998.86865690698;81932.77330847096;65695.45221736544;73252.02620101953;73055.71863308892;86539.022079354;90395.5811187627;78922.18845682558;78602.51980558434;58759.41098528287;69750.66667589199;70632.31907267318;62408.5214004258;71317.65925287694;68459.52779329524;69785.77415053456;67766.08233852193;80012.45501377987;80813.52644865231;83989.73874397931;71148.36736388024;82349.46148877361;83319.75157523222;80866.07339937377;69212.68284872491;83197.23384002753;65734.44508837484;68690.56405922896;84313.29113921103;86079.3329241201;88362.8567164036;60804.94148187159;71574.18060325208;76626.61331765052;74128.83061623367;72416.04641521022;82703.91136520015;74975.81289987109;75513.29354097151;70339.81197400042;84908.6094644582;78624.7071242994;74832.49043510482;78577.37870981236;86593.62917405406;60752.40467265058;71664.79700792636;69442.34573368751;76512.40365141464;56403.61806812118;73054.85595218965;76975.44252186919;77272.53472661416;66526.81294553101;75734.48079848134;48454.655455326356;72972.57267228403;83816.1750756421;72037.91177131297;76892.1774997024;68132.46171685908;64151.12411453206;68057.56616748178;67409.56446576523;77334.64069783138;67599.7865206737;64870.54984815623;83367.08953671287;60500.26696444866;84529.92713765276;55365.57079741648;70194.35589666641;60480.07108989634;72892.40351772837;83763.15009719934;71852.94766911473;74367.24419098487;70762.19845291566;66762.27992900732;81238.56057190607;63142.9669004607;55534.68249994258;64634.29534797012;78295.20678826168;74919.35591410619;90640.62281936611;70312.78782314179;71583.43499195769;70578.55988810427;71224.02811190084;74624.84686189034;86514.00408896359;64793.622196460026;83487.92445337132;86829.15920594905;79933.7474822251;79144.11220493093;71199.85025136391;74037.54220829473;70792.85801021456;86150.25513300305;74593.27000709999;71543.24089343219;67302.84573879854;74572.9144325259;69036.69531989629;80800.09359528765;69473.44113188024;61831.85467863144;59551.593679391925;77351.5603168727;61388.777958031234;70450.3802246113;75765.91394791301;81046.85275043258;77642.54558984094;68359.32645454402;86198.39057083681;79035.36992558531;65100.81894119244;71579.88987438595;79658.24826658083;78510.95465753684;87294.96583230107;61709.11039598856;75426.51047040835;74159.70245449072;64399.1431034171;69778.00709861735;85220.66862409169;77545.33697626466;70287.6236279608;56658.93401198377;85298.44959775748;66037.0224853436;82431.2068304135;62907.63099091478;65881.33017534764;81715.00634435682;74408.27506842316;68960.03450499148;70355.86427012719;76456.09050055796;57514.3601948963;76140.55453656272;92915.80652259264;88020.99110170484;70021.81281235557;87978.97445092475;63339.51593416084;73495.21025506523;67126.80691942704;69380.17023722263;82835.57737317323;85760.85925334535;62515.96069465004;76669.99963313979;74850.25921715263;74229.92889200652;67465.10143327533;78972.52152129183;78007.12889220956;62922.219552831986;80417.10018507531;84496.68383314332;72442.51638938901;82164.73812603723;63594.18936955736;71754.81021384324;63350.21581068288;66736.87428621923;78725.70844466395;76985.91116975178;78643.55171622979;61213.45759589768;67612.60709642207;79784.93972195563;60362.59782204705;69214.41384660541;81191.35524677887;61482.72425060216;69864.10194349676;75058.00523029889;74778.55565720092;74229.329549199;78903.29177378108;67039.86383659951;63970.06442599172;64169.627907390066;66899.92596842523;77389.33964757665;75954.80605677693;59458.62566768972;76286.60290321629;69084.89578864505;62556.15624216706;77563.97732851689;79490.94943703398;76955.1084675263;75308.73504334084;60440.81196321892;69774.66102845673;76693.77311237124;53518.3148586812;73847.94514266806;72032.20767737823;75054.4211170393;74549.86102916596;80.0
10;90.0;43790.80194454541;43324.19862592002;44043.27554795245;45227.33200215992;43150.24016494287;45260.29755414496;44752.76725932527;44379.65022513378;44506.60088969457;43314.093981064514;45356.78491249462;44068.52309496439;44768.69494443743;43761.510544787714;44287.899986418866;43967.407167953636;45234.06162396571;43979.322941906576;44693.15817746432;43782.67729090413;44251.01688406234;44738.53483792374;44546.18301969276;45365.26099059778;43829.65951714101;45543.80456106329;44270.154874202766;44769.80540552496;44574.59229079561;43710.020355055465;44579.60719546644;44949.17882209287;43780.16563685321;43718.988416680964;44291.60893908661;43976.61406673366;44263.0123573125;43632.30061896749;45989.25306893715;43696.0315937603;44726.9144620945;43603.872035982495;42760.118552469925;44239.57028767646;45067.045873829884;44702.18655886984;43954.47799222777;42852.09159418174;44681.797187058095;44834.86762811552;44182.38682936272;43870.353868452425;44040.67705024919;43682.30194765856;43214.03119526115;45486.581470198165;44377.83042055457;44566.41610947318;44362.78983462512;45133.056757780956;45200.83631322009;45017.53227623547;44161.484586179744;44522.06817882872;43694.827221865184;43894.23151384147;44650.4867571089;45495.60097257709;44381.794620211935;44640.21565090687;45305.72721592042;44209.409766604265;44299.730042455914;43898.603289225255;43960.0166705631;44873.73579953956;44576.72525912296;46110.499489923255;43978.76717235247;44497.45797474998;45104.714186915546;44360.66834477242;43793.11877634136;45059.268440196975;45363.148820187664;43877.235977541066;44043.382205201975;43389.522642971846;45053.105154628895;44866.174566014255;45207.03090491024;43053.941945051316;44311.89274893969;43362.29301298288;45529.00896280704;43231.503293009206;45217.12272975946;44357.38598302095;45395.98140717741;42864.143265265964;45490.29856012767;43930.65367866719;44415.57850644452;44486.08624918423;44600.62855184969;44905.6771839441;43795.423124139415;45120.26575185008;45975.77834188149;43696.89777760304;45802.28136060533;44953.225985377685;44289.03418728427;45056.535569507454;43493.17128051552;44581.423417581456;44197.08746936724;44026.32134274727;43547.09681451821;44548.415807073616;45358.00807297144;45025.63065632475;45586.23935196576;43968.86855495998;45424.376390870704;44344.69947888045;44379.2360461696;44529.050042778974;45233.36296420408;43134.160925722346;45203.79609212851;43443.57908807673;44973.16012998462;44331.75650280446;44558.43608659646;45110.1990309021;44132.771232387706;44308.855442983135;44796.46890244134;43144.28136134433;44472.77685445705;44404.01927372718;43855.10897510726;44907.24556851362;45089.82094791216;44726.07788441884;45252.17873674617;44276.978951494864;43313.77974277603;43925.186297597415;44701.50122321604;45274.88963616116;44043.259459732;44970.194675057064;45989.02959850301;44915.698621929005;44523.00549202199;43676.23986355409;43611.648773687055;44327.148606787334;44008.833544928864;44537.25349304045;45374.7820437304;43330.60824906689;43988.52098386972;43971.87538834133;43317.17647984397;45337.850392380584;44363.657103456506;43566.544093556666;44378.73771781582;44957.5568807045;45718.394588660994;43936.20406107721;44914.18442210162;44779.54424539252;44304.88381032176;43814.58991352524;45676.63761882141;44925.9887923672;45100.37374867044;43824.0553136904;44482.15766039381;43968.15307312444;44929.67866564581;44637.67742736821;44637.376065296536;44117.07747120744;45456.98436934115;44415.917283453826;44436.40922628452;44025.33381035445;44969.78286539656;43697.634052754845;43005.47148434787;44489.508041884816;43710.3776350806;43479.68699234296;44490.572389635876;43325.19752709694;44387.815096110535;42794.19530238743;43887.37085273009;44600.084138433434;46530.37050038541;45292.38453948361;44422.50100229481;44758.48437328266;43451.036736023634;44933.483266788826;43896.56605115732;43644.86349108553;44728.34871663997;42874.40354429113;44428.51790059613;43554.24093152913;44293.79879632599;44403.98934979633;42612.47797498884;44037.69337134994;45195.7103322037;44967.382126031385;45214.25574402744;44864.304479754435;44585.83947982869;44361.41058356431;44525.19072287984;44969.03394851669;44313.67343646995;43880.11068714402;43521.7295050636;43712.19011057368;43690.897546728025;44079.5972114905;43905.49257325067;43703.25818677852;44845.158314642;44533.36110871605;43933.02314340062;44917.60008276862;45291.41287202434;43573.22179700651;43075.13848793328;43869.78282188956;45141.40007272387;44023.43221394706;45374.19967812209;43997.076809490536;44802.60384300831;44494.96624510903;44257.58758623704;45251.232871043605;44739.76883295618;43978.33962255138;44242.28188085211;44069.94096394544;43617.90992876541;44706.8406971058;43867.38063967023;44935.93306406956;43942.094340659816;45127.89786575773;44039.32316307169;43123.45721000852;43473.86068778254;44477.41594367387;44574.79301165842;44573.58103806006;44719.6005624362;45495.50270426589;44881.45999141093;44865.88221718209;43747.87153415988;45471.06159486296;44439.84915505065;44882.04059610728;43403.83740098836;44788.234131973215;45541.45046518261;43928.58964902644;44708.39596960544;44684.69359884382;44702.5944310633;44164.365877213095;43807.176286686175;44909.79690021767;44034.28363879777;43398.430923727596;44760.88281783378;44900.077712912855;44542.83400986766;44173.22367822102;43992.06559776848;42837.64349587877;44221.1833167562;43911.62869157843;43387.121544864785;45077.592373261796;44182.31222121035;44116.87930598787;43906.96066492376;44950.01361121226;44447.24435978331;43738.87937976238;44140.449268086035;43220.920465987765;43923.3516704932;44755.388395336064;44097.68257098855;45140.476186240194;44237.466217778994;44023.88183400303;42669.7630326902;43580.006925800364;43785.22507475088;44004.60799652904;44135.68947035544;45000.84825580189;43583.69550569698;43593.47219669192;43932.604910922106;43931.665362023;44608.18338966328;44070.31400230743;42920.56349186387;44306.82320006291;44345.05631513477;44185.75876773392;43965.48764675474;44156.689520687236;43181.69031200019;45852.907445278244;44270.093808519385;45238.2937841041;42944.631784475285;44415.867894417126;44669.97922601289;44773.06973823447;44051.92756830793;44948.774132999366;43930.44831960482;45081.97618529179;43534.44878668792;46211.28605187689;43229.437028055916;44407.75496491423;44317.862589605706;44837.07553463787;44459.544409648064;43802.05799221189;45641.64640378983;43142.10900838803;44857.342190099094;45718.17243433501;44246.65264179041;45450.72385758736;44471.71368033397;43847.26180501543;43980.789215429235;43852.791412945415;43759.56108211348;43892.820024907895;45036.25660703588;44411.83567258027;45476.964202589974;45096.50338044706;44600.893071201936;43205.13993646482;44089.706151560575;44043.82766063704;43554.18703954604;43973.05362676069;43594.24396117136;44608.0736927683;43965.22755294271;45049.18424697744;44613.59776076482;45176.03507885874;43098.88185652268;44102.26822657525;44468.83809472251;45270.13738786183;44973.718765476464;44327.01809400007;45033.63899788508;44453.0106382419;45807.58702141573;45056.73458885581;43575.40618120895;43085.990427769815;43842.50108577853;45235.41436289573;44615.75878517376;44623.38883672377;44532.58815996544;43369.947885582216;43324.91089156344;42306.63057286872;45046.31707558697;44261.706157381625;44050.9733068425;44193.426004589746;42569.561624844784;44844.56157106269;44059.88176338696;43489.58211060985;44193.07182404865;43531.42122154278;44497.865838965714;43453.091783460986;44859.23035580231;44208.7209290129;44072.9484786959;44344.392565495895;42687.75026547315;45755.70501631222;44320.636861130886;44296.36817876263;44754.64350262896;43173.24781033878;43863.69044534005;44240.23277387081;43602.12114567953;43200.575247413886;43807.69732112752;45382.76770216457;45479.51750533293;43725.362772387736;44184.62927034158;44228.338849759355;44019.523393241485;44295.43776523849;44571.86723147913;44118.037501816805;43643.44229047508;43915.936014731225;44478.79409091644;44045.41459627045;43929.84781526409;44920.24006900827;44593.07491257434;44320.8035001875;42441.850802831;44372.60445706162;43464.01340129961;43730.05834090499;45736.53100421504;45730.51500700859;44171.62437028323;45704.513491651174;44443.907601988045;44857.742287129746;44607.018609789535;44708.87470916358;43662.69746561263;44465.86806455778;43604.5500748446;44538.56883114038;44335.57902872718;44064.07570539024;44275.20938480343;44539.881201456745;44746.16801836081;44207.99967942121;45187.40517076662;44582.47347864602;43877.73594485177;45010.68589510421;44572.909032542004;45175.75632183632;45071.45228028066;44793.25162472286;44139.92167951382;43485.419711790775;43857.22529959709;44452.35792097173;44228.61168330385;43832.35539955062;44470.20396483813;43782.73054726787;43202.96272388166;45375.084500031066;44095.5063967958;44630.92044682733;44477.746289213435;44417.83703350001;44806.175033461484;44365.00381189877;43425.67344462141;45135.00660941236;43887.18836340509;44134.01041360792;44473.748460987816;45322.194009219835;44723.116827776845;45041.76207431668;44518.39421601573;44265.43432707074;44517.485026273076;44953.580879926856;100518.26807093993;93543.5943430184;100295.20137297329;91358.50008365893;97047.85751735583;95424.59641876386;87334.27125391268;97634.84968208695;98261.56486273123;89903.41805654652;85793.28828126055;94555.73250063279;90360.63363254195;97504.4624553558;94238.11115126422;85366.06099785477;92100.08460347493;88018.00336969047;91288.40361804336;98179.71558169024;95623.95699631695;89911.93073210196;92150.7228595927;89928.36637013266;94187.30301602981;93479.32599628328;94736.6285394083;98853.77010744746;88184.89797344254;92139.19610949387;90579.06753678707;92667.40212612938;96084.26957452993;103412.98261326502;93316.83564119099;90860.98032084307;91437.66944191011;92930.19298873238;91529.77533537537;92417.21185617226;98720.73991093172;94964.4512056932;88014.57313692253;91553.3885689504;91086.7767320781;88259.17192000677;91540.4700206814;89952.21861806951;94742.79129600436;93091.42787401057;101728.2599585134;99453.34490903736;89007.53573149459;92759.69230532412;95728.68510072993;91421.41282788514;84788.14293419058;94290.1732213852;94359.69779630557;93446.97301928297;87920.8230057077;94986.06253956161;103507.14701685053;91808.84474512306;90556.85025199514;97452.953039211;88105.20391545529;98885.06793638963;90762.77442413043;93862.72364017906;97225.54447294064;87524.15254844983;93798.82237958453;86157.14877739223;90951.15712092287;95100.80702075409;92559.20200564507;90870.17956624804;90857.58558584897;93684.93098755268;87646.61056483696;95369.33843975412;92916.91959803016;93690.95572644721;90389.30173233754;102419.57007983832;99422.95172796411;98167.92929274512;92966.3939340623;104487.682656189;86595.105831702;98792.81289260458;93354.52225769484;97051.17443647908;96537.07805841684;101303.6163740149;94812.01018553927;102443.11688828169;97404.34082347293;86417.71844647187;98240.07823664923;90982.66591211193;89794.79578166276;84162.80628474045;94583.08054708756;99850.44893049344;88926.9432327735;99944.52589449564;98256.95115425666;96819.9060167833;90926.3401680763;95613.48514015396;94113.10506173683;91978.64796854346;94210.99955024688;99508.75691735011;87228.83900338506;99936.07809967344;88043.55031905556;96769.5783578279;91196.89780494932;99226.17434174428;86650.73012244652;86836.10581859868;93866.0904051858;98889.37264774807;94605.70952696822;93879.33637211096;89481.50248197054;95797.14683203938;85556.12709225957;101348.17206347943;102720.30386397608;94110.99795514076;93041.18644993068;97400.67677251867;85361.73677721893;92986.17952366108;85979.5783728396;92718.91196975652;92613.17003694318;88004.41848277395;90380.1986823183;95412.81210820183;87671.21039542081;97276.53995338458;89145.48523345012;96482.96551330763;99632.38076828267;91293.58729363797;99922.89984858935;95593.98067495934;95562.66230447254;86998.96230364611;92815.960791135;85369.12875018138;94749.21040739237;92712.42661380552;92336.68603667742;97347.04035144507;93380.34412117313;90287.46749708043;96376.88001604435;92733.12662204883;95177.99732627172;93605.11296248707;87480.34692772741;94803.33158736528;95314.04180176184;88260.44330511588;87153.75953695957;94998.5243814741;99778.93757016973;95780.78283900218;97692.74664743856;89041.65370481981;89591.72091802102;91657.90499985893;99734.96532424324;100028.5827796518;98476.9682291108;95905.6060626182;92104.81721127292;94097.56048751702;88285.02403332318;89525.92386865502;90960.26251201304;99672.1180267173;90152.67913232686;95664.87179732467;95850.07304542133;92298.64856692207;87571.33309019291;88458.81202443974;89861.18245677587;82260.39862904216;103140.95895340008;97211.61723646706;92569.95730436328;95192.87346157053;95265.63795245881;82794.04306708563;100681.708306614;89899.95667377238;95245.20715137447;94784.93261799574;97566.31154671447;100155.79950481287;92396.29480647897;94897.2450426912;93555.42206203833;102023.57561355102;92321.22470949912;100927.75914629648;89814.94254650461;97853.97464213807;84808.58311050426;87427.30740227165;90547.00253549473;93802.72877905637;92005.87922861539;93318.99153920313;90855.90576080156;93090.03515034752;93582.52035400538;86080.99408953293;93420.36031173707;90771.98511877168;90883.96411881149;98487.81372985408;101768.50453586015;91905.41493247212;94721.49218345569;91374.50830915569;97415.84892816939;88450.28907394921;103590.7247682387;94206.17882816194;94895.07885811133;93719.41635636607;95797.78784132854;89156.76809680786;102789.38992870774;91072.59101735102;90420.05648948989;95861.99576994496;95646.29226506;90452.41320995304;86885.44817301347;92076.35970338195;95712.90133048274;90675.82407740927;93549.95644576175;86953.31452879436;93179.9749675829;93860.17259978787;96129.18645905108;97148.2238578005;95251.56960112986;96564.46453891257;95025.56640649373;82817.25687381439;90433.780212799;88876.64049747922;98354.95504850415;90217.02136581183;91912.53326277516;91979.54219131227;90042.8863422703;93432.59372221754;89285.14870131563;90689.53626834012;104925.70230396408;86817.75963366423;94330.22914601644;91587.70930479886;83288.28238604126;88546.58476809565;97810.84332336813;97849.34787263273;94797.0906255175;91142.63905081178;95052.93599293043;93481.69149799152;99627.4059151051;92698.28444577454;93869.42336239293;93119.78172593923;98959.4626703551;99000.90981925056;93190.7895724098;85054.03064842397;95109.63137475896;89876.9277278566;95796.14570469293;89363.23369547934;92669.0208479808;93407.99458225926;92867.2570371866;91344.49891473957;90558.17960119506;88582.47550529947;89133.41287105306;92465.59998137948;97541.8963796128;94327.1585228108;93157.80153056359;91039.23496449288;89120.19652606804;95632.91897968248;94081.88601903633;95642.87187660477;94311.1762096759;100969.21639428174;98136.03543805814;92939.2407587188;96918.13413871467;89276.12365200641;95615.554767658;89553.93625951963;88077.12683957111;95933.08065384996;95314.0115239185;91375.2125768502;87943.41188041666;86457.67438044028;89587.51086280939;91867.36391767727;87605.06005485175;89457.42973929041;93491.9073874548;94008.55330864896;98597.7302638484;93686.4390384444;92171.67890534768;94541.85033722199;91414.79284006768;94646.06588092816;91560.8801949341;86609.37129912143;95709.0443445792;93586.83710323834;92583.94894339176;92819.57129009574;90720.12965282645;97222.86110180225;87010.52926842982;102066.26306819671;99403.37136992264;100247.79148722977;90833.11983126293;89019.86433756084;94643.45871162537;96292.99904470387;96537.87216057074;90892.97999341304;90243.69773645623;97397.86962840057;94879.69009700947;90788.83500977606;92088.2864411426;90603.86622616145;86560.16235012299;95369.22331288332;96329.27811411953;94567.83375186104;94668.93494789646;90642.7449742442;84687.07834765535;82140.96008768084;93888.28496307481;99363.52544139126;93169.7233976501;99635.26538361493;95899.0665865499;91355.13470886662;89721.6169056894;91963.36191373297;92406.25088404091;86692.71352408134;95283.63999215553;90632.20561035721;91976.05819829556;91354.09327263072;88278.3351049387;94376.21856174893;94070.15912921434;96096.18476125936;98084.65675208675;90311.69564975324;92644.53604834672;94887.01171103657;95871.94319760721;91231.77177852148;99760.62863878693;89034.72768328313;95499.52378513443;95105.4601719091;97809.43756447037;94620.80927931967;87449.81082919253;100200.6550189592;97557.77726082085;87915.95085873801;92620.05473042028;87843.43737702469;93624.11457651887;90290.3523506786;97694.41767562268;90019.8119231301;100033.34749718812;90619.83646631602;88057.61204787248;92869.82676786077;97537.8394516198;94216.05830168193;87676.90722732537;91234.15914675056;89276.94533972195;91679.79580644102;87806.3638835909;92718.8552326228;96683.40157373104;87912.69226201263;88171.52738075051;83858.29599078979;91947.57290427774;94154.62992108855;92447.15522383184;96957.09173896351;89937.19961529294;97863.40042905332;83347.88494985201;92064.8635392342;93785.40224916412;95372.83735955053;100635.499302581;92110.49132785876;94153.93195124702;90664.17812287707;90103.97877831619;89936.02687364303;91869.32084850932;93602.25102274328;99735.5952107317;90690.79926023415;100341.55947772057;95599.57043596162;96682.85145202822;106649.15190669065;90532.25111766592;96320.52100633482;96643.12705741113;88922.56030664739;94766.21020985396;98715.2899732076;90487.4499536676;88661.52287879703;101422.21146843693;88348.07379801403;98503.12000580473;93334.11316044886;88451.53153453229;90540.0268885678;96393.94481495078;89813.12979088476;92611.44671372633;94114.65755110883;94696.03932566644;93636.79685992633;88949.36374122776;93693.61104956019;91981.22951593806;92906.6961826084;95027.89419838355;97925.82757434408;96942.53339733725;100308.10928752387;91121.10884447047;101066.84712072463;93356.8881282964;85604.08612076499;96565.0175102396;85177.04479827125;98101.2319944922;95949.2684071013;88234.71182455057;95126.31346609822;97790.37000209553;92847.68303663094;89957.57149481447;91737.51266685752;97474.3638954286;93430.50873798213;87133.22949911957;87823.16878832536;97714.5850663452;101266.67734913694;93852.78150006117;94233.59832355783;90.0;57777.12881866688;70168.94907682294;68734.68916459916;67594.70662824853;73274.78965631558;65699.82859118508;58117.93007301164;81590.06472678098;58656.3738815666;54498.584527451865;77511.20793437885;68231.10400829991;68033.45541188156;63281.5321360213;72353.11014444026;57668.59830205915;68846.95228027382;64692.47701934291;78730.6261988653;68333.55548915539;59631.17406820272;66347.85822817068;67994.6292393604;66838.83257306715;72611.4440689048;61713.36467469822;59941.73250524727;62274.632869812674;49327.03857844524;54835.920661505;62147.162363107724;44054.57962477328;52544.610933961856;69564.35348038946;47755.362030445234;52227.68418584998;52270.484542976104;64522.6119307128;56334.52993157949;67800.38841473605;78984.95674400235;69108.22102526766;65477.61374771957;55747.40664302334;63614.95616674065;74445.99570112984;55560.183157766;67023.75118383487;63717.50306836647;52088.851845518766;66034.63814326949;63276.146794139815;60509.18781056669;59585.93472347687;49369.352779318986;46314.3555834706;74107.14828621513;53536.925287134196;72345.3723075341;56945.90725719567;57856.63422049827;70012.49512607693;63781.53730168405;68631.7336909844;55766.04541455505;65718.47294515074;77832.02438415216;63183.261790313714;70472.34721696316;63735.11682700412;61042.43126069442;75583.35771542633;66237.72592053915;48216.815805182334;56689.0405394141;69621.479027527;66918.40953408557;56943.051295133664;65253.89862861138;66178.33201617883;59513.381487743485;56366.44449609503;60343.05038181478;54903.12555117838;58898.96151032633;71915.49820022608;58873.788606616436;71411.84118156071;62326.201111371534;66780.96575452115;65430.05540280053;61284.521100531325;49146.107266282736;66355.17818881835;57972.05260853281;82158.89694603387;77651.1305274202;76279.18151992281;55711.189043563514;75417.51414769396;50979.14358014585;55374.78305093572;61272.06869183984;49305.943552134726;58372.28152880573;69601.12014967427;52580.561753496644;62213.53722266773;66593.00457352302;57832.78924235985;51848.517987651416;62779.793504122834;63507.41846332299;77700.07750969063;54509.066632466915;70320.40140731148;53676.36913163232;56393.67778795339;57142.45831092492;59830.22351863526;68100.51173180358;68718.52739929491;73860.65956579111;75976.7909506744;39790.896334454636;64304.05919071187;72984.08784978738;58365.952074319415;57642.5457109422;64186.46814581332;50614.74927748454;53216.1333474085;72146.1041587044;51754.002287238916;62453.676205789496;53602.59138364613;63562.10914501864;59520.752247459866;81042.10684947218;72425.83179825875;65189.26620031588;74372.635100007;64887.75746224378;51826.98798795707;64794.63983579495;69407.25815685057;70425.41742145718;55858.39731250175;66525.74610161851;68198.13752479825;78368.79500257863;62487.60523149463;63219.467994108425;70825.05443827939;40508.24116169731;64735.069775040465;61660.28793225766;63965.86084650048;61749.42440097168;65913.91610151905;60606.75822937668;60761.62157589041;74853.83228384354;50002.94698834157;62696.580202794335;70122.60705831744;53893.848754688486;59250.175103413225;61318.62189810247;65199.315597851455;58720.267811176825;58126.639173189935;64753.900613333564;52405.02495309374;65819.02851720655;59711.763692931316;61221.30562257883;66100.44660248428;61402.37080896674;57303.888763321826;67228.31532079773;55090.74949753827;56929.6145420571;67743.84748155714;63979.00447036247;61456.944350761805;69064.33966613721;72681.3485767877;62476.21050906843;77214.57468549338;87096.8994432603;66788.88630915122;73042.67315684415;55568.0804713701;64767.49375780463;78870.99097635543;50131.7757920344;48033.85277671502;62981.46978352348;76482.55608095642;74000.8944349754;63415.775153577706;69984.70687433527;62136.855574598565;59640.57278708615;70194.14557301029;56757.336097523796;64855.537768431794;71140.61594050338;71380.20270293084;67231.26312336937;66522.0021925879;50859.24234469573;60107.00917561201;60276.54272627988;73754.04888476172;60951.11582967963;60858.98156805588;75247.5415149521;59294.422455373606;51897.63081303123;73074.07271948697;56375.066403279474;53178.3893004549;64360.440923803166;77325.7344933052;41869.80201498007;55733.83515778552;75656.42853444626;66092.34252610308;40178.21759227195;58398.35642956501;62401.83758857317;72756.08906080735;63862.224656150946;53409.872584693476;55477.29160764501;72702.9904366817;56891.945929438654;48517.973364094134;62473.809545461896;62069.84452212781;77927.35839394883;63880.27263431437;60941.01091698944;69012.19939612767;68782.39012420204;66423.61246480937;63742.90157742548;80944.43893274138;66726.93889869019;62275.45031298704;72648.95349297294;70736.98652965909;64784.17915148311;68778.31964496037;62710.07487419169;74788.26461661524;69787.50779867577;73916.96111904082;66809.43437633122;45871.5198660492;76734.46878683541;70592.83201611215;66324.49627519325;56504.52867498982;70708.55327344246;56307.0480690229;67521.5369800989;72937.42685812619;79544.58656400794;64643.99699265117;71933.82269064413;66428.59171544676;65451.66966226112;62080.897664684875;59022.00733965055;71533.07092569268;50348.76644153954;61535.548850229636;78605.47324819764;58981.666616655275;77397.99120767982;68997.32594932674;59256.03116146343;54977.01430241256;60276.5411591734;70705.9648391727;71140.99274369174;63898.222714662224;59221.66526845773;54314.35507049582;80346.17878500908;67350.08051951995;74632.03298909651;61826.759638656935;67456.54299438029;72414.44173290706;54132.048463293584;69305.17371218684;73571.92536954896;76500.90478384994;64027.61080233206;64530.29274138399;73523.98130592887;67504.3712393805;46100.28233621521;72114.32466149749;76938.30586741504;48300.52484864793;62937.930208226106;81334.4575333728;62693.50063532071;63955.14574777854;71954.02680301077;62666.23863224753;65987.75802577734;66065.32136911026;61993.117286378925;69558.25902699213;56854.78835221143;67286.77496236679;70878.17930341142;70924.32324200198;70010.7346246699;62722.847695526834;78595.3928793793;55692.03239760768;63897.174533978876;53137.11332068483;58475.09264739732;38103.59055638834;56699.23770042455;66295.54602928928;65782.3738593836;68240.80481943805;59502.00075725062;71351.6597113692;71141.58251172028;51069.40713849843;65289.051499656736;61028.657476690656;69856.90856194128;63392.828618110965;64103.07104824335;61263.720419047764;64014.77263007201;70696.64509022441;60218.650894401406;60403.066654822724;65096.82602526434;68149.50888184551;55898.55905063017;63838.754168530126;78092.13686249588;73900.03696190276;57673.93873751429;36720.77551954796;58249.233787759425;68067.70508712211;65527.778936609524;66642.53076774976;68668.73882200941;69357.6429541342;72402.60085889406;56722.82669820531;53394.95565530585;64348.29285940576;68284.54028869093;54001.64095674986;66988.32347002492;55969.014049933634;57100.56660016332;61341.79270225263;69019.34171787609;55289.59594848853;60985.25029082874;54906.27345991682;62959.76452264108;57688.850084182624;71128.81925725442;46624.433578992146;61883.154600007576;74438.48224143444;63072.36431571584;61352.54257290709;73845.28386075363;52913.50601930381;67754.9299040155;64549.065870717335;60381.28725194452;72387.38330939204;61169.2141949592;49960.98892420634;62780.49683618291;54989.81127107373;67099.5109838828;74748.28067493321;65497.87851472968;59531.37277626981;66508.01734621523;69798.17814675596;67791.86273082612;63663.28558062275;51186.298838745286;81669.19162899183;62182.96194051697;74034.67572209859;63290.804995781524;51007.52762802117;64046.335200446025;51880.85209270424;49810.329784707785;67237.42974990461;73830.95575040265;75552.01937723531;64294.01230890238;67059.8117929172;62621.43230550961;62553.578964476335;55547.61669208929;78911.4793423368;65065.86011724201;60142.09184351963;77796.88228582077;62441.81711643084;60459.192874869404;53915.397946644676;53788.32842543645;78611.65569017641;64906.85525302968;67328.65031460277;69486.69682850914;74654.51850031174;74635.33849667733;59323.340421839435;53138.078112060895;70781.00266703799;57938.56208189393;50050.788887572606;67341.6852588082;57989.87814089013;61305.44335570421;60519.893799678044;65354.96840483062;58514.95209331791;58526.447208310165;66891.80208280086;55208.59611746757;69056.63334184421;61007.44026677381;58955.83876117551;56631.887773762275;68153.20033923081;73396.5232973597;63501.991166773165;59273.881485233476;79646.09280900618;72915.62552191045;65776.62015569917;60100.99693480988;62987.602632642236;60269.83032805947;75204.55250983688;62123.050147567126;65995.12562990696;60423.026247128524;66798.20714083503;62996.880904497324;66405.72359213207;68666.76047807273;79915.22012989262;56291.6153142994;61407.61787155656;57193.536812425285;55736.411740371084;54527.403399262665;62725.85156873628;63160.08716659415;60420.66580885276;74191.92981410911;68722.94820002903;57791.45614124353;49326.86401470249;68763.6383953463;58444.49356752772;71019.16541951286;54787.31122539809;70756.46654459702;67204.76235255011;78648.12683204995;49942.754418331184;54497.256614310856;65036.881720350226;71477.53825460916;52948.66654457555;60494.83627792176;51515.921341108864;68508.34598843168;54286.34698235191;90;65105.49150824361;74249.92169502573;67853.83138758581;63445.73571389463;60993.875265520976;68797.20934810111;59121.420484951406;71800.00955203085;69180.38443413688;83954.26878902885;87124.36237801111;87723.78378313218;54678.400318872686;73994.60147254633;72216.50010221968;66897.10967500167;69025.84048547251;77349.86275222736;76722.21424007384;72831.59461181134;69930.38993166995;58631.80334561064;65224.025753928894;79429.99390464411;65055.210035077645;70756.11793852739;76811.39521952736;87199.23669421194;70277.62598048692;91778.555325916;70799.73150201974;79938.31309485341;69074.85264742834;71398.79840590981;87763.53469886443;71764.9773197831;74971.46592295928;94214.43118848404;66549.47901012517;71387.97425343076;81558.40846040333;75754.09383176749;65404.34552868912;59059.70952063051;66129.14941700603;71773.41236023617;84934.551487333;63070.97329458657;67146.51824597636;62023.128890440974;84677.38855406355;71278.4118255699;79034.54125498632;88129.13074917578;78923.6253279864;77101.74536211436;64479.983646201545;82435.51677292089;80745.35182134339;71317.3839424193;82052.46569668599;69315.24113347981;63652.18605655631;74684.81465067613;79256.38831315388;56326.58465280496;71004.73427872086;80041.77949482629;67150.62065173782;72283.24186133237;78240.87261988777;73190.71289511233;78694.0003710915;69856.34755554638;81682.96180418854;62432.82179443957;73848.99502993982;63444.45105308372;80076.23095217095;67274.04767163962;67390.12100132815;72516.53168976388;63366.93441606617;66177.17707280975;72731.13800374718;66752.64015679057;60714.64751005307;58794.89978254965;67526.87813649794;69979.8965420583;61100.782421398864;69763.61821390713;57779.44401171036;56652.00220309402;74893.17735774296;75851.95249489517;76017.89213376657;81552.87547377383;57167.18761418499;73022.07394728008;70757.19948791513;82237.12459968361;65343.688950211785;78605.39485883286;62363.9059622171;81373.06024360437;70778.93248190128;65377.1491203262;69397.51743006805;70226.90246471328;62161.29147493098;77778.09447326942;75369.83345043515;79093.32147869699;67992.29229868107;67247.92323971569;73257.45530259273;74359.66719943106;82400.75130116509;90128.61841653136;100214.36741279649;72807.64399527428;69843.01237239901;73246.59538530755;77218.40244224117;90132.29394596668;60016.66158748558;65913.42114474867;70903.8158081888;61156.707720338425;68303.24433743804;82372.99558558856;71817.53820594354;75452.86646187876;82659.46923698939;69974.86986775207;79969.08190291103;82550.65534496696;69266.19774007189;73798.58438178834;68223.50196816759;72922.58383994421;81472.26022768702;69666.3533580299;73105.02543306806;78814.08527016912;52355.60313062043;64995.55754621582;69002.9335401192;71586.86660900044;69215.9760384392;77443.28963055207;63903.42143031457;75639.54255433741;88039.04651951695;76209.0322781346;67583.60730105008;77404.96120009068;62131.947495687215;65514.618926793206;66126.16950670828;63016.2906403267;69614.45639706952;60502.06712242277;77341.6824096012;74029.75422258688;69152.66028449977;71872.84213076584;52791.55027172169;73020.75201947622;69849.11171264588;76880.97481804293;70215.72943262944;77656.37847557531;88411.18267646211;73454.31965992224;63154.42313492527;73386.66915101043;78082.51273813742;71008.97404276262;69428.93169591026;71825.05363107586;82151.24100302884;83897.50854228342;72810.95387932066;78265.29852932089;80119.21720829718;76201.54731065925;64480.747049760634;73653.70576813603;83742.65409583082;75145.16800837449;51852.52051086246;83642.06696825412;64754.943756132;87028.18231886557;78951.64785352876;67851.80417109755;67401.12027232289;59057.46855615622;64576.599802721175;62267.4816075547;68254.40547197398;65499.633217279326;74932.20142467911;68123.1439550831;70698.36104014983;79407.29143340043;86590.05971905039;76603.64170915383;76728.62769937093;83118.34618454883;67692.42695370197;66603.1060605327;83303.46302083576;67661.09929520678;60946.86873068929;79105.81445276308;67784.70617666165;67727.34888253533;72611.15307237329;75216.81343108202;88971.76051315191;79797.34681414727;64613.27383690122;84898.42979374388;74922.73935744638;78201.76004575739;74323.33230276762;76966.98585403568;61062.92854750707;59510.0222346468;62296.362754989525;80303.8133652925;81801.03245518943;56191.28954400591;62237.67309453286;61114.48053191334;85006.1068669835;69414.17093670034;68470.71304377267;93620.70254753868;76407.42450844719;81256.8311977246;75382.50967084861;92581.31933905488;77914.47877367819;83203.34710535544;66465.51970887475;59807.56105232308;69819.40982961134;62111.15974143515;80252.9506147192;79839.34206929215;71808.10774073395;87053.38881747298;63342.99514828732;84746.59491941247;81832.38004848981;63971.50767724437;71685.45104654739;74284.63591607941;83680.97637806699;62471.61734460467;69984.37710432516;78490.79543846862;65510.56116360375;79719.41067973484;78913.80473639781;73019.71423946353;79555.29777139724;84305.1071640871;82841.71476870922;83083.81509915489;91085.51264450897;77029.7704219781;79851.06634330974;89567.3582226733;71092.41088107895;69027.19031865793;71289.74824431547;75012.39519196647;81894.8290603972;80451.03125959879;92936.04877886873;75623.22602618247;75439.45138428302;78926.57502923564;56189.59209962585;74734.40590851387;72058.65642427895;67430.2652410559;61087.44347907581;68550.84771273681;71690.8484686423;72876.04159213782;67503.40826856259;87564.36337156179;78352.99533911223;64877.652457294964;80188.61568245216;78399.87238955637;67800.28410678939;62814.468299026914;71364.52150699461;69971.9591036884;74891.53439674912;65138.284713478795;82857.59626859105;79749.37482478423;79632.10459739881;73732.73761919807;81119.37208181049;80384.36219254485;81755.05493526999;63852.42720157447;62929.87755662199;60793.48298759499;58266.92157159028;68649.74564612556;78710.37245602228;70199.22349673744;63203.34990398237;66949.17162955792;82152.07494226588;70091.33374139594;67184.25403512132;83153.88335485697;80257.82584400389;83196.33951298794;69402.84360835924;68395.40637391125;66045.40446107405;79616.22110607878;74866.13646495914;68673.98230392077;86426.30442016764;61495.00446930951;73093.43397752805;80014.34958455028;78979.09086333492;88003.35319181117;67292.58976706564;87343.39350743548;72148.14163004099;72120.58880358581;66583.11604789432;76597.29933864689;59292.23876277699;61190.26726547826;74222.87822246099;70700.9727431357;81449.04856770393;61922.19838976799;54610.06884345144;57376.944352807775;55725.046494236594;76710.50247823536;76774.92988402513;85174.64918918093;74176.55479258506;77197.1577224737;70339.94104358122;81770.08014530576;64370.43143879154;80211.13268255831;78380.20555131801;57683.54731922354;81383.7315619894;77826.78850774409;61882.90309649303;86993.86856745995;76906.28827082837;67388.3090660696;62787.06109744459;69951.89280458872;82519.56813385559;78965.74105791247;73867.45959736827;67246.32797695036;83048.7971161946;64781.6062174063;78559.40251999615;67533.2272575575;67648.68543699574;70417.77613622011;77354.42909112335;77020.2996616209;69717.24696228124;73635.62274864371;76546.23971153777;70566.46204148165;60554.76072814878;80591.45458470071;62769.562855797325;72254.91266938075;68288.30608212014;80106.95576808279;66448.7239169244;65077.06760632325;77496.69907589852;66990.82885772375;61318.46943669362;66794.54011180926;73902.15415113322;82187.62852056939;74743.20132030196;73754.82506162043;79502.60690655332;68002.43844403385;57927.33351523313;76410.28568521068;86827.64405567294;76317.29755664809;71489.19320753907;67617.0982105247;75206.90825972689;65007.20423992857;83313.18491283075;80064.22784418188;75577.62808828027;90925.04708268656;78908.33915666414;64434.97298813911;88897.83278210572;75574.25415454087;80129.95434781138;83885.66388087439;77451.43024387374;69633.97943965433;81023.66864433885;76878.85647314937;78277.60566683477;79038.51979543718;93269.22266372608;69929.340448633;88083.61066537297;72787.76290040105;61864.32106079633;61342.24220989125;78641.08582545113;72539.494646907;76460.88271034393;61770.755565483654;76293.33660351082;78716.96259051343;81942.94866957808;78929.83394676486;66343.77017365868;84963.17155242973;71792.1514333717;68933.96495298092;78068.27157928798;61008.92541533621;59124.303701312325;53135.88375548296;59789.66306592625;62114.65386731207;77159.11729775899;78056.03347367355;94442.66522907293;58978.55819929322;69900.04636955287;65894.1083620108;73806.380145459;76587.62791561798;69246.10998575098;78990.89868400403;88020.68910080261;67333.10222577215;75124.4992904065;80439.41821275807;74722.47390222945;67062.80262120537;81946.01895404242;65792.21711843077;78488.6675303134;71096.68550631552;70524.52425862964;66329.40532528334;87102.77471161867;78627.68220535638;66444.06262902655;63840.58073030804;74174.62289034581;77613.54036933629;58170.93217469577;70426.03260005526;68730.0178620633;74965.87694651556;84101.08885232727;87295.34436982707;69405.48374839948;86804.58345938916;66941.94737744718;76666.36310460934;84335.11362405846;75335.5772300048;63619.0595488;63434.63772734325;90;100917.06544229046;95861.28406257287;111156.50339984956;93332.30380288334;101018.87819307626;101066.38549291316;95570.70687966688;95285.48505084924;116627.43220291012;109715.11055981301;95059.01655363737;100293.52738620274;106100.27555487335;105568.6929641721;103589.98085223438;105055.22557839646;93660.27278148725;113936.81222796752;111027.78484250758;91518.1104765522;98144.75310471674;97792.31737170072;106770.42202500984;88870.26965461543;94370.30353545568;102393.01712699524;93125.95788980217;97092.29087240047;94653.44989094583;95983.25226667727;93517.85617476901;82395.14627171036;99927.24950574727;103314.68459344725;101553.45633860775;92087.68492983855;94780.78800461351;94451.85615703944;94512.42045705764;96288.42615207507;89374.38653502618;81402.85761437312;85687.3392595223;96452.57158170087;97514.08075449662;96593.51675782676;81739.864223439;90000.93209040794;100600.23873715338;88579.02933965446;87070.87204025328;101950.87044137766;88993.62396815149;100978.89739640473;95487.80905715733;101415.4908217648;81710.97436086362;95001.65745623887;100616.81477893736;115603.87601075527;96132.5431109914;95315.54884303748;90620.11472904262;104364.77747710576;118141.09068063732;104343.67698912832;96421.05822711656;100406.18941715562;81461.53585465049;109403.7143861402;92166.91110355932;113911.35975941256;96421.06569136094;111450.34007437699;90124.918930712;111413.79780944064;107552.69041340356;93453.07414710305;100385.77510641023;111920.71866701855;85674.44114050694;102697.7578564684;91375.40072169893;98824.92833897453;92424.6622108096;107373.91480156123;90884.43839990793;99645.23344145893;107750.77552327533;98922.7498489292;98218.8359121983;82618.96063756978;123153.640971354;108066.52947051424;91869.31519888561;97538.49022139386;111443.2618286474;107786.15830668989;101733.4587272525;109918.50517787557;97193.6837157016;108426.35756532807;102189.27877512068;101501.3964746721;94265.94240036572;114725.14349626865;103067.49439287996;91508.21974237924;96287.0592995098;86539.37790249648;99049.44976826727;109200.5964991737;89918.11917512625;97301.90730496212;104395.13916208313;106341.65117308286;99702.27935981614;88236.73634968982;97748.91604255776;92274.58196136182;98310.80731913488;88852.34223565555;91017.41350570961;110285.6483591082;99359.36891476586;103155.87227210613;79588.47481016834;104667.25660483175;82449.3225846816;99254.3096864949;99446.77739143424;107459.8843708796;92939.20214619019;100213.76418559821;85442.94726027799;115590.83571552509;94232.27243321961;112076.27140295367;100568.33302983096;101246.36192656576;98291.13813883867;115776.76379724227;99358.61100656255;112239.72965660084;105392.30885445117;97298.20922218169;80592.5838697709;120105.58412587135;80880.27844987267;92929.97329809832;89077.93223790676;111682.12344875788;102278.25449886569;82896.71716766017;115449.53378885715;100964.47099419967;108199.7961600968;94754.83050011427;92714.07931565262;97934.75608749066;102673.67246285974;93518.3364680448;96700.37085799905;121748.90153519355;92205.93222535565;81404.24219119942;103485.75006932963;108826.54098441203;96657.67433582868;89303.42527241693;112521.01558102632;104401.13836299923;89638.638362591;108730.97149582749;94134.6600587266;90689.98520475716;105028.49799139154;87176.27805721706;108981.86344560742;98082.11615021103;86773.50518279639;99963.90074938202;120679.15828993768;98145.9960656169;110032.632454942;106665.13399488851;93109.25669157068;110866.54221562424;105133.58823146179;83278.42807575002;92649.93600169137;94495.33556033713;93908.28816975355;86712.31097719428;99617.92660732967;90359.26918353564;91921.36978239824;95782.29364583844;93185.71422667758;98632.56428260832;85123.49548095741;96555.14632137687;91204.32732300961;92705.90809570225;97909.92340151564;102850.4133948212;90491.11075650695;87401.88943104737;114212.95723804928;99087.95634905703;99227.96551334792;100673.52624236712;97004.97346530203;111154.6109091415;111555.94228830813;93198.9799829541;94890.05056589117;104031.35564270266;106470.0008340515;100466.91412436696;97577.59739705466;85674.22007323753;82488.55848625716;98046.78757192672;95462.56103509288;87637.2739808165;96691.033720815;106991.91457113363;97176.94891543813;105530.28122467472;101176.1349071051;95606.98688530957;98277.08037577686;94035.32709024473;96720.68598648578;103128.81876118248;93338.5501523481;103797.87861999338;101250.72800544783;94227.50757284848;97968.20719225144;106617.33627597196;99866.29962298703;96197.60537054985;107962.1235114706;111119.19061408102;105953.3824756216;104663.99616171577;110624.55234584062;103511.03413872806;99283.79201751619;106997.2202108984;98153.722865355;111850.13020151033;102606.08546133783;106640.07825808461;95533.81348382893;103170.66448384053;113515.18523279695;96747.30088343423;94052.17955049203;105314.32945840599;108718.12336007305;104428.30483601516;100555.49088930784;100169.65542279556;92844.06435640904;110983.6010281909;96816.79728202873;89458.54869441238;91526.22115437107;107059.61427785244;106962.19258859199;75765.34685673969;88384.77040243619;117025.01808466142;100229.78183369721;112029.24070088618;108382.22812621367;100280.51862463787;98718.06162691755;113239.51200553127;93392.79029271363;101172.52112080727;108179.98846744887;96762.30741605283;111981.4466445578;83066.93481040197;100552.97184864256;111386.0504325469;78972.12623462375;90637.21458941283;80457.85840198309;103559.91818467488;105978.48816380092;93848.1005049505;102037.07565032702;108335.9285807752;105863.23379227336;98779.72124788119;96660.39992553099;95977.9373031403;91145.60448443748;78481.4740274667;99789.13629143103;97087.05247379043;101368.7209815149;97214.26978333034;94764.79400934947;99939.32398277914;94453.86671354226;94406.97328039046;91617.44051266099;94920.70126145805;105877.59333887039;94473.81509921963;103466.39414110377;96587.98839782648;77234.15824351032;96254.45406115684;104524.33240444504;104408.13562724946;99221.49515906518;105486.02725052039;88652.57824211568;91076.99780287844;107856.71720102358;105117.2939940845;98193.67722925176;99880.11071234141;92964.67112957816;100757.40844970886;93684.9206370225;102013.51691580481;98373.8158506765;99284.97872646396;89122.28682263293;97236.75977498826;113554.66462835064;65668.32166291638;103377.00900267037;99816.09289194363;102910.25327867904;91690.42618523358;93316.70602070613;97128.66144595649;97880.61381063276;100957.01499577166;72616.1689002283;97809.99447398217;105883.9156264378;88667.95325719795;120514.31183292875;103479.95372334988;93583.29297088539;92250.93151269548;110890.52657972988;90576.26835707342;100577.17211856133;111771.47028710332;93524.52256907019;83118.81422383644;103984.0465167711;118628.73363577735;106484.86571469472;91078.99642364297;74822.37555807462;91081.1116186355;102189.76528331946;101055.47359645329;84936.25361756822;104712.32752310028;73919.74903222367;105124.59536393275;117178.23724497725;95171.1788384598;97528.70606418778;84941.35591485546;106774.97888057133;98189.51753410156;98911.42417132716;96551.92526999454;99699.33907749767;105530.98364267484;103984.64080628393;92944.73911406813;93229.79078270856;110808.06115526674;80767.73836048071;85426.34680361484;108135.55302362793;103637.56587007164;115176.2011291366;103013.79439709258;91945.20917524262;90604.11142193797;107506.64702245897;74037.10029440782;123035.39162978828;114008.2089258002;96966.95191052099;101380.36291659733;106629.66206645156;112724.59362990735;100663.47717693503;98819.25639162821;103140.63797425028;89616.71135217004;91898.81476824304;104305.14555390364;95051.05096200992;99223.28503320462;100764.30606759;101543.50879671008;94280.35595727447;91337.00523239248;113122.75088516035;110078.08968716566;105627.01410019428;95532.03683177414;98513.84073436883;109625.96843335826;95482.42343312297;110280.39437135543;98037.43736490708;98115.43903863506;108245.9647186837;96235.20495875704;114017.26804039;89654.97882072559;99007.40825953452;106619.44566745877;106019.7825158872;103163.31045333174;91631.7450894776;103147.59415935076;104331.99875401986;110291.13266252245;97920.39600093939;96840.16359742548;98497.80624798805;96667.61443228557;104312.47032950056;102066.62367830957;111215.44456854086;98684.53695831592;103729.95967407653;89235.8016883559;98439.34942626832;79960.59159912892;112356.61597596256;89119.01981796342;87540.48992537883;95750.61911714988;85045.40604929332;103674.45642313182;91719.89734922754;101494.34840027108;96740.26366786148;111880.19449715687;96812.84313094617;94133.5124651865;92473.05677725669;73686.11749445733;107041.39838701412;93702.70844739901;99890.32543469904;92754.49409983787;99570.84509783542;103762.10587815168;83943.47655638028;97963.19095615507;100040.04366299632;95823.65441740994;94869.09008858642;116076.98297539313;102222.46983503176;96836.43256960416;89478.30067305997;90752.65299098307;82247.59566662852;103495.46772561043;113231.31209514545;96155.02894808252;95298.32508914193;103106.86540582076;110277.6099853736;86257.86619983084;80745.97607955128;116651.92011030312;107594.07206077178;96507.85014704872;99620.88932719504;89882.02066028179;109622.7956192268;106983.74433707699;109892.570216931;84845.59916873358;120301.94771180279;81611.88418953803;90.0;63304.315548875195;66920.23525159713;64797.38616374211;60166.131491805136;66219.16713485676;61649.79217612392;64816.68580801102;66090.43782155575;60380.09935554786;63068.59858140204;69407.92294940706;68734.94490758183;61660.76641840451;65409.966874692844;63214.45161163263;63754.26006624293;64170.98207782722;63084.00754677063;69589.83868477985;67867.22244773546;64591.43893839415;66079.18887184166;60500.852197574844;60487.94128706616;68487.23000369557;68408.1334738049;68100.99367198393;61942.26334290013;65373.306575369024;64302.5087571021;70875.08460496615;62872.188938725456;58294.546905481184;60403.41858635409;60554.134747478274;66259.96840857282;71399.05355910168;61723.91540341608;60271.73093332731;69070.38156843912;57796.65487579815;63723.21643688117;59621.97405494349;63285.19501766074;58264.96037042419;64375.693428501436;66067.33373378764;61067.30473918493;59072.837431339714;60461.951266499564;62854.508796865644;63729.07565593737;68559.0296480146;62520.04214236853;58319.32754126393;62765.34588862778;60372.595140796075;59116.57875814353;64033.25262638153;60277.4682291979;68255.57963212879;67755.53007156402;63200.23860899548;63943.45618597398;56432.41230477457;67026.54261365;56429.640110176566;65523.49351116896;65712.07011523406;63236.984597392;62104.335825097754;62442.10852499836;64054.00617699539;67274.63974263326;63729.90515483545;68805.24459057598;64585.676690266955;61909.46787891466;63149.32699688662;61102.606154772024;65201.38818638003;62781.86903085346;65144.64436468567;62340.809194191854;65032.99976019144;63897.05059363878;62856.54615422231;65409.484172931916;61467.1082809418;64401.140202473536;64886.479220090194;66741.21259674389;62839.58263849808;67335.73938785723;66963.89827852772;59508.032764518015;65345.65066789918;61688.29158595776;60224.529183581784;63237.926322257226;59996.84561622834;63811.386268263865;66955.4169781039;62328.22661895666;62546.677914443215;62943.54490705312;59796.10626062588;60553.840625109035;61237.0207373048;64495.969314284404;69161.76873346265;70353.69099482555;65714.33184340419;59837.43807520353;68663.35877558625;65980.39204335009;64905.18109832214;60787.77266538125;62083.46971144228;63524.689484055234;69617.04379424767;72454.82934420578;68872.51331804918;66690.40454980996;62914.34682829051;63297.81267532213;67679.66877570182;65863.89607504189;67127.59241642518;65993.7885443736;59846.0555551312;67069.37282525147;62411.47218035003;67125.3641067101;65651.26990400052;64829.64659061945;63802.97429008161;71239.53373727459;65943.58709424928;64520.573952733226;62848.783785514366;71144.5055880216;64304.138191970975;62916.188909584875;68363.14368377063;63961.734999317625;62915.43109669272;62717.46038943039;64847.3399378021;62650.06835476244;62332.277127003406;61130.33773788753;60268.37448816383;65086.36709270153;71000.80873713127;62352.08481143671;58560.658635670276;60699.934075549114;67253.76855584866;58719.650157353426;64317.96777186871;62421.84508804359;65259.12625666832;62517.020426858835;63771.1710748061;61369.959539932526;64975.973052546615;67068.07029168466;62532.04078546944;61719.208256807375;60945.208336890195;64800.75929502613;61137.589058840174;66911.49804489304;61009.565825494785;57805.215193860895;61028.043163651564;62999.905781048874;60016.887921399364;60031.21414992207;61923.56146558157;66906.36396184046;62188.446790296504;62767.05565835322;62762.38494377041;66390.36012594476;67493.11250134393;64583.8646358749;62514.682078249534;70419.04777744669;61386.695319176;62939.05521387876;58890.59558669487;61576.47733107607;64343.864959756706;63059.39196912369;70778.72372161495;65773.37761868045;65832.01853939402;69049.54689234859;62829.975897719465;63981.91984002723;57692.725859612045;63299.13171961758;58105.77543941732;60484.29494257431;61028.87996833769;64785.682473714805;58873.16130592089;62767.00422198572;58622.087063074636;62915.367368078376;57123.44377509457;60569.644632071824;62710.602254965976;65031.91033160807;62393.47328672941;59790.85606945495;56844.60786310719;62206.54289526227;54840.56156348295;66440.5869361693;59003.048860639974;66740.09368213608;61460.12364840071;62322.17845824599;60349.142978820724;63789.627515763576;63623.17379287128;67890.26493531857;65382.37056233332;64373.75865744469;63523.24781523836;64319.015653404225;72947.78217082581;60560.106281778826;56404.164752787714;59662.564273749296;56077.65033700409;61611.68784756666;62976.130979794034;59770.89014286272;60066.080557044545;67964.40980946772;65982.37592882353;68275.97397981875;63833.463474525684;57890.69011336586;65157.1946978717;60996.96769235366;60193.73421971043;62276.131156164745;63361.534569664844;66187.29310889618;60929.707531028456;61588.229968811895;66114.85750139135;65231.22687957645;61554.041376650996;59733.99996452263;66355.23238948325;68838.90296318238;63759.694847783314;61016.18503121051;67969.80494838029;65090.732009779844;66553.29497523468;68125.3872772864;62994.140079534336;64892.32381174187;69908.74519780233;65817.51804109503;70032.58931433217;60765.48046330086;64213.16084031579;69111.47409783593;60291.54189787606;66094.8292474028;65484.08876497231;60056.97799400174;60527.566218768574;64988.27674419143;62701.526391788226;61301.88641588668;61118.538606446244;57036.28284920218;64032.66200876865;60223.15514883948;60642.947424111524;62586.025147172004;57172.93530777272;63818.862350537995;61128.05426635849;65098.84907710608;64152.99500888112;59421.21998314785;62615.468261530266;62905.41182111148;60573.97025719213;60357.819952907324;68678.8252707022;62170.527750403046;63807.9922286089;64694.52592147157;55597.497530241526;60107.316356752584;62163.23749452577;63674.04437014508;58510.180630829695;68954.6476315471;62222.386668156956;64114.680969661305;60244.52979712687;65526.164777354636;65131.164346792015;63030.910811759124;65694.42279523253;59686.40868538327;68097.23941470253;60762.76891246878;63941.404814843474;64110.945273202226;68504.94251103487;63437.84149524084;61235.50364566209;65915.02107868607;56773.16807641577;62385.09784378473;67091.20848817003;66491.0967221022;65110.36583740202;62620.771940726896;57958.89099780999;62980.79552691031;59841.0394717075;61410.38659285274;69577.64829146552;66419.28709159594;58308.279506211424;59166.61126297702;62327.32102692813;63941.18948365452;62862.69511769946;63355.34982950284;61983.50886210848;67287.66890680557;64270.56794509117;68306.20594325331;59768.441317254874;60496.92781002015;62048.6156014609;62445.07444719366;62586.256160736506;63288.291766384544;61714.66870372544;65445.954966649675;67873.38725357388;65650.44052161957;67308.32619796031;68026.17688784085;65153.563153425595;63193.33969210537;61757.22068921254;66452.52512002992;63084.88109543508;67520.55933052719;61335.04793810992;62870.67127184575;67831.95414198651;66459.12570730975;62720.01238106758;55458.40021997724;62945.803523429284;61598.00111362545;60500.25550518506;62069.60546633798;62110.84975777082;63524.009019666955;56546.739071904296;63630.27903305666;63429.432339735285;63301.136717996334;63422.750750670115;66643.7403456862;63806.659388087224;55486.40852598564;63868.9495430954;60411.52975690369;65165.624491326846;62334.72949770558;65348.86457642585;64960.076382133724;59443.926848494346;56662.94981663012;60435.555037160564;68364.68891133089;65422.16874543879;63077.56830293796;63414.55045422816;68707.44286270432;63488.96488242969;63114.325728961296;59735.57907624861;62089.18193762758;61085.238234212484;57888.118077389;65756.76958034423;60404.64640585001;63743.57342810207;64805.68379120957;65175.68535625532;62567.87205753666;57780.072402948485;63723.01999080757;61144.783058171015;62015.79843281028;66550.49284338442;69335.37503197284;59303.49466387277;67052.69745262282;64520.44434014496;59280.47490480808;63422.89126145489;64184.27696032801;64929.81426284726;64461.757408636964;65413.31431638687;65328.46583456415;61378.59869207548;63057.6990162165;64552.208021258084;58782.74193357492;63808.00615151803;64045.831651772176;62865.16292414241;64315.65947946892;62868.978806184125;62709.455199778255;64974.864260866445;62556.37542050891;60244.84235024287;65402.03618762663;58350.259705944954;65417.94579162603;70499.7181345388;66274.17825233992;63470.30187086722;65318.04044197642;62055.25604986287;61311.65406561131;67690.46873544237;58784.504274829815;63645.14901156394;64875.67972954022;66808.32916042395;65003.194457177226;59058.38501137823;63000.80877384148;61071.49027425693;57708.23247975519;61364.54121550728;66288.24772155516;70295.80438943401;62274.436210411266;65660.52958559406;61475.14423866598;71413.34644576024;63016.768715848026;65375.41107389378;66577.3753389206;61726.621378305164;64268.64887050648;66213.12918401179;70205.83964212096;67751.06324089371;66541.48895371135;65488.979555358535;65595.99595333701;61047.212606181056;66859.18545222256;69921.45319731133;62545.99178178388;68478.80516738353;64375.67549932586;65757.88603714503;61566.76636872812;65914.44754842213;65773.42037999703;69263.75607514559;66372.32663991163;68412.53395794782;64424.58608190485;63255.41132443113;60182.442414873825;66639.91622580732;68479.95793916908;60647.21270749923;65080.05750312258;67247.07761693098;69290.4019319892;90.0;81500.4290033995;83342.8822284618;77034.08965127933;83792.59947957685;107221.78445434629;103166.45765467119;79321.10128672156;54482.832684890745;77544.10184865518;63230.4360527743;88009.4430669355;103648.29961495678;73960.40065795855;86420.11327704632;71230.31702570271;84595.06489924085;80878.70632628821;64368.982691418045;89007.89219661789;82825.32171692184;59797.40118061448;76019.0592524498;87685.76986393504;88516.34132416661;69219.72908943307;75815.97181493696;82081.7167095689;72188.9185305857;75014.13460904137;68250.86219829648;94152.00449221555;78288.65105208741;82876.53090910529;89317.94768496943;62722.561628348805;85027.188630441;96838.89586496868;78573.03207127358;98241.29955633839;76844.41947938313;83889.62482826298;92482.54547087735;81527.9717195697;73439.82809846036;81961.31897627708;87325.46712228976;92619.075863732;102609.0033484311;110009.66072253081;74898.10913988863;106453.74361304702;79912.946162779;84979.61077650606;71981.11526368861;60358.60912896316;70333.66400038361;91881.33150931791;79013.82458190547;81205.10133668425;83381.71678034947;69436.60651262998;92887.81931721169;84201.00116997215;94056.09626651942;84915.74445407485;87689.08387474198;103003.97411634203;78767.46286109829;85608.32106096673;73196.1946969555;85456.2896437879;77029.65769795826;95490.58967964485;82238.17906970323;77130.79187806812;83112.92301059348;70457.74436793236;74969.8520633044;76835.01025734225;102426.29478931296;76280.10354706383;67912.93953937561;65042.84740994278;88165.46009040136;67978.69554533326;94053.91994561063;76501.13456285169;64692.69716617587;69283.43421030085;80244.64186997997;78797.5465719357;79241.14800740602;78063.72675054955;82552.4183059589;92664.72993176454;53034.52732779783;66456.37079587224;72417.73696409127;85669.88654610174;87294.49992296565;78563.35672906319;72121.73120493522;84219.0380420717;79554.91610939038;79303.44547465382;92369.73131566055;85227.8895911916;101917.1525539199;73429.01995312625;89072.92592602913;84643.27562270116;83066.61039293144;65425.365127900724;92248.25420115722;80086.90336556433;103673.91241720965;71739.82187740103;85740.12140825993;83462.39010581333;77010.96143189834;56151.91932708607;87290.03949263776;89203.75929473308;70982.6051726009;95010.20201993418;74452.76804200449;84700.12046832468;72116.34708495293;100844.91147224023;55270.000075985794;89707.56449597853;73008.85081722517;75770.74207733994;64716.17324968256;82175.53695333815;88509.1245044614;64419.2143132412;74401.48643647392;75389.5425642316;74213.93867966802;96114.57038942164;120406.38380232168;83135.97677580388;69386.08518137358;89214.1766937834;94712.84805396738;84888.78269659719;98478.94676888565;79476.23607178603;81886.76723869782;100853.41655587027;75987.65757709063;86644.30561126012;80192.33744619542;91874.16265176775;71836.33724570936;88207.06055946577;65142.91727862788;76115.71887214649;53579.949143128775;79802.62561643549;77288.66623872166;85275.51226554913;70140.73633909138;101805.47990666037;73007.67873473461;94644.91438995965;83763.61417121597;85366.93958097848;90645.09424818169;107401.21480037396;104760.71583198578;78675.805025988;87911.37444440837;87556.07329912137;97876.7362525921;84182.23224266653;86912.93186262617;89165.60963144257;76901.2287744058;74808.44184322949;80365.00687465529;105159.49351935911;80845.96494966563;77953.66924026182;76768.79151293403;86433.45715794682;86352.18437397297;79307.66810165155;64290.399052857116;103547.10708507594;76843.93303229225;73269.96909265609;78945.90115283761;119971.61527979819;75193.76762821444;95601.58075703634;85416.57262549622;96572.73387472573;76695.46200286318;75986.2126412805;88350.22816746877;71136.03919643187;71575.91897392797;71566.20815486253;75002.2348646037;79203.27414842727;81015.56512144557;85273.53307952353;90872.45736068411;68936.19002646796;69837.0303813958;44553.43111180384;82452.22701578723;100847.37207157328;84012.80802067932;98319.00492066823;90806.8791571855;88433.78260909468;70118.81865937897;94035.43511190166;91261.9381761342;88128.24928649573;71527.59826229405;88834.53910154902;77359.1581730555;71216.37579171198;98859.43170599159;99078.819062121;89145.68099215573;70628.66896351108;93348.74162963536;105637.39686363134;88925.23279478142;91962.07927703549;75475.08049317604;75970.29721307821;85622.42366434156;92216.80852992144;75956.67403286413;81212.82860950087;79230.50327828687;76105.43403943672;82051.9794431128;72718.41422050435;90444.0619206767;79676.92877036662;85840.10254601596;96225.26540916608;86588.23426289971;81631.78226827008;74603.42427897737;84607.72130608192;72488.59399840735;94927.51033841431;64665.090564554484;92567.52581972352;102498.07605549633;87515.13846550748;82725.43945258301;71284.29885686087;87148.07576339367;83474.60408974017;68837.0700304907;79650.60912670137;76973.62124232296;87693.83086638304;88088.12432263102;91913.82924154967;77162.09934658904;86315.35649348088;88634.29416690138;82007.6030938715;75805.82399104486;79398.45222982253;71553.76967751226;86846.90367840984;75412.8805484603;75332.88674420115;87951.29764433099;86083.62591795482;65251.25335243946;83507.67129736613;88025.96487881595;68651.4764043109;68272.870114163;84165.43378562112;76564.37003750543;83058.06895704276;84840.84205167007;88687.95058676887;101947.47726770322;87957.74806816231;100509.78385738569;68104.31833044873;84231.45856111334;85340.43177996064;97708.38460383986;83529.06097073907;91724.9120847114;100503.81241860884;67701.2481068999;69880.07494549555;97852.94195257616;71952.10927537177;74560.01517812817;88715.79672777242;81652.18088118189;86304.00042822093;92189.15537748215;100038.07258421011;99748.17274033304;83380.08432107867;97827.05731382637;72812.91517694546;83413.69629998379;75265.96049846766;93315.87793033979;79025.69911058419;76250.15202596385;90476.03683289362;77520.67526281156;104817.44336226501;73003.8843150092;59905.86697044911;80407.97491872522;75474.3186232047;70813.20833106383;78791.67521191522;92194.20322222725;69314.88660507547;78891.25310319838;88423.33515774983;93458.72868023095;84223.48203744608;92505.711792615;64749.90244928868;67318.88834050598;79560.55525226607;77402.65317336537;84353.97266283003;58693.76853608599;80299.31921019423;81504.17960577788;85390.61796949504;72741.44433722692;82020.84624708677;64590.68831481323;76097.25641742536;86579.22521369185;93127.80380814135;82514.69481802394;71537.1483199072;85514.84808469003;81186.03263399062;89499.50632008564;86173.91288303008;64409.348754767154;73120.24193320688;75788.6818630436;54606.3355585705;77042.75766312398;78356.30602298258;74184.28917753455;75208.39759630241;67951.74494924919;104194.61856811783;71376.48030628501;98773.73875896554;86794.07908912412;67654.24657104434;102017.20209217479;53617.40327960374;73442.43408277427;65002.24350164883;85352.5577059486;76487.41638750769;89889.06268043921;74022.04174932132;75984.18141062581;76184.03791198917;69018.3860950104;78671.35120839853;89143.58175784492;71712.60176005942;86741.75173486443;88306.97347994302;82519.1986068238;99591.89256514519;70706.74785832044;92194.38544275521;82658.73857704067;77163.1786589951;82064.85800987353;79318.76303303678;68640.1979173074;86393.9039823981;82575.31637510302;88030.40262657744;65711.23473919016;80763.62552533555;74931.68036291681;85951.64751789907;76970.93642442516;63247.57946236963;79978.20201436515;94186.57334746573;86485.17010196381;76938.11272992427;79169.7327290408;94594.78054269042;73866.46389255152;67900.79399973695;74951.48277587655;65800.09143549;97139.21966366359;52593.930483910204;106144.77132713035;100401.9605672236;70971.72597753555;87383.34484134661;89956.82231654302;100898.93980837613;67739.68349853101;70715.72462242912;80966.35387965725;84499.80889858704;96221.93078792054;66550.7495855671;64852.86820478076;94963.49692194843;72488.4927823004;69066.51060127924;81097.54888753124;74629.18515190986;57024.646434804046;96698.46121498736;91917.19999039151;80626.46847775998;83391.60057448756;104700.84924419179;69721.0589114964;93168.71193942503;83014.16409475575;65016.7542063741;97758.19697464375;81541.83187914595;67315.33770282555;65877.25448938532;74331.36594095707;75857.11710346991;88874.79416981476;83941.66623563171;87038.79492840674;83100.03143155092;76613.43474838902;84214.9888602276;78283.43572918557;101143.9965580854;76034.82339316899;68442.29643451181;86112.62069728365;83244.25816912645;88124.91725255703;97107.09400615655;87408.14838704176;67437.48745498735;52545.828950452575;83363.38960198895;72246.18845094173;62399.06414045737;90719.67608765536;71143.41642134375;80419.6270890527;62325.97371403342;69261.18898444474;73317.87194762057;86918.18041019904;78214.26557710204;58422.732276722876;79875.59762328134;64518.05885983962;73121.6218604231;61158.527870045014;64826.827662007854;98197.85073734041;60728.37894920282;60377.61779338556;82859.61159650565;99822.79377526254;76760.63806439735;81445.5171125904;75396.20150366545;79666.06987067588;88837.08444642651;64063.80345863288;69984.67307662376;90516.23465357853;70915.7895538625;80794.70344724716;90.0
11;100.0;45834.63956566325;46129.93025126752;46594.676528434095;46857.08919804188;46604.943569265175;47624.62237868741;45748.934371205294;46953.59572627815;46928.70271888184;46103.492080614495;47499.78474223122;46760.753529337606;46733.68168754701;46712.02078833849;46001.51094473391;46974.68028626363;47793.447774014756;45486.46335921155;47914.502311412245;46336.8615102857;46385.52143823402;47594.212000864696;47531.37163999121;47502.52881421205;46056.7748885736;46657.81268218871;46676.619163298186;47067.2113427294;46940.65993738555;46588.689378008654;47007.19286055707;46189.0760188296;46360.21162278767;46403.801296370475;46080.27603076008;47032.219545074564;46182.18123214493;45472.61936422285;48279.74487673442;46367.20407293724;47248.58061229627;46543.620628440956;45427.30802629769;47787.897494116914;47247.954114552864;46609.98156155684;46464.74472074918;45509.02663802702;47069.02823372655;47940.436570866295;47165.84647577802;46262.59321541794;44960.99787801999;45982.925359425215;46444.898858557644;47495.836095749335;45809.13431506656;47217.30839144745;47353.678692962145;46474.20056767091;46689.39188294678;47542.663120504505;46040.478572897264;45844.432798210895;46377.1814617133;46604.04286743447;47104.551008793664;47836.172447360535;45921.35429494754;46488.3921291643;47180.81143023345;45807.52911217944;47132.71173717246;45028.28621686753;45098.22736524253;47276.11369595066;45717.93123891374;47421.85633298234;45845.345110009606;46664.573450866345;46676.02027856208;46196.9389656907;46041.117805157235;46989.92852654132;47806.442453316726;47885.109547995686;46726.4376731151;46766.04347334587;48456.45461482076;46630.70028317106;45866.698167177645;45574.55372741455;46819.19633813117;46547.97269550979;45834.65596301663;46316.01802567344;46785.04287665208;46470.96319858256;47617.480915148895;45505.39370716024;48532.76590504601;46679.593639458886;45672.26737482495;46886.46796913472;46430.72080148231;45696.36348651093;46494.575081271134;46474.99949965628;46630.13866523217;45528.74098878983;47462.17109682431;47680.698535097246;46386.029560182265;46743.66199360867;47053.35145151028;47009.9392542906;47559.54712041758;46036.577104126016;47296.125126605046;46655.051748127415;47735.0454726082;46739.810076424365;47968.19714882053;46666.69244902718;47031.383180841396;47002.03519612665;46339.85142758342;46964.17776341591;47228.00344441518;45775.593564892224;47269.05510802418;46500.17835551316;45840.04154039744;45840.655983060075;47150.622279799216;46626.940869083475;47007.04095685807;45083.52505318898;46406.872495605305;45926.80150042077;45264.910042744006;47100.51742277462;47567.665780549054;45862.38854880506;47354.10102710311;45859.77693439419;46836.62435034932;45680.90742674792;45781.983280840526;46291.50344624786;47105.33454788501;45916.6609105671;46875.46661965144;47751.100521785585;47750.96520331691;46211.58859614876;46671.43840990088;46504.575732844714;46209.019926338544;47182.96699884585;46390.4017655162;46843.623037984464;46505.6204774357;45714.08904928152;46737.803201078044;46112.86130309518;45589.32457010613;46950.218019301756;46330.7118548016;45136.2221070999;47170.46683787531;47322.452280762576;47258.128689981524;46125.66601968482;47243.549948975575;45964.55169253034;46616.27140051159;45341.61917564836;47819.592132582315;47599.90605219854;47134.65076868202;46133.79316293835;46673.746685327766;45959.683832363466;47035.42559687368;46112.271286121526;46743.258254155;45343.495337082764;47563.57000377722;46664.67453870491;47912.37495121325;45045.262050059246;46586.39169845854;46470.81841912959;46755.89684899042;46500.70933935484;46773.802344686286;45997.24858033368;47078.88654281267;45937.23562696063;45606.126443587265;46106.355429722775;46198.97809331104;46387.02727770182;47712.411341941835;47401.72804874473;45380.101606784105;46536.1895314345;45272.73234230472;46204.63065620718;46733.23142705773;45967.2243263521;47318.67072524996;45342.61704426041;46535.43694148466;47109.09100119512;46612.66011097279;46688.85694956995;45771.61929372164;46291.06502936387;47235.73952078762;47419.30236784801;46329.44663880106;46914.37438657006;46825.18720862531;46940.55985245575;46442.17414582909;46859.70044241885;47472.266834659094;45208.55399953973;46812.04374983806;46019.7541582805;46294.24875681833;46403.61795704384;46144.95074433298;46206.11523198803;48173.94483175341;47658.709119624014;46695.13567636801;47073.57127728955;47184.612167701154;46573.14338576638;45700.16212474965;45898.332971853975;47775.801476682645;45665.92246434045;47184.96114943637;46569.045020892365;46902.00800154741;46047.87560924824;47118.870651442536;48291.3135369067;46976.73798004161;46487.337196223416;46482.31282878122;45919.734360269984;45522.48066372518;47848.532616104836;45924.94590307665;47395.79242007;46547.176383873884;46103.69975399998;47020.263818021835;46082.715070659666;45998.55470998828;46458.14203151968;46706.30746988349;46374.40205019415;47253.32904009205;47832.625316016914;46270.29816762793;47603.88365150446;45336.10679745964;47932.785583983066;45454.57135034459;45739.568170456994;45804.381781792414;47130.02749860798;46882.058678326845;45346.361932994114;46344.83716036834;46145.62303232333;46573.81308318865;46910.59378714385;45661.169773401016;47544.37738694101;45730.92324812138;46591.11596907442;47131.352688850915;46299.73517580002;47707.252124668936;46396.04113058165;46621.19780670041;45899.945590184034;44929.02717546858;46926.191622207196;47275.15401840992;48052.394350735914;46850.006339747844;46450.09095877627;46300.64012852236;46140.276967591824;46233.4580344111;47138.370490356276;47551.81791822407;46332.6008606566;46130.715329651546;46247.64976598061;47246.70633894253;46793.53630390362;46608.879618163184;46517.66378264122;45529.48184561607;47352.14612332818;46468.97837896064;46003.72555644209;45880.39230503657;47397.61515534099;45186.41389479691;45359.832863344505;47043.338211795526;45792.14935667588;45001.265596106015;46933.350055873634;45256.97454493456;45729.39747442793;45943.32848691384;46209.75160682847;46755.158083000075;46445.010396228616;45954.148663281325;46874.34468513986;47133.79524127536;47016.28128535161;46550.930578728694;45935.51630108741;47053.630023516416;45936.31061354205;46429.66291155116;46837.13105430566;46746.84770634816;46173.056681362366;46038.68180724711;47641.118922052236;46275.43104973926;46855.77313646042;46287.55579728633;47378.99853971748;45988.26092030372;46560.744154650485;47305.422437730704;46303.46188417197;45735.25506013454;47442.318052953866;47319.242231453514;47459.74239199001;45604.60286700619;46861.185083745775;46964.89880623244;45458.62965004816;46128.98009400595;45931.42236879589;45889.28329114557;47512.957479423036;47282.097313668986;46858.70586210326;45824.576797570546;46131.13063014706;46942.69702816031;46569.938158950055;45740.997258192816;46434.56934894044;45441.252423962665;46002.18549574798;46896.49958617794;47461.062065978585;46744.32232610397;46987.67546161557;45888.28781230847;46544.81400624224;47192.82486396893;47146.835247847644;47365.83216854742;45760.22241266231;46879.27741906009;46889.227782877184;46653.88210074992;46374.75500361336;45916.46499974732;45819.41569959435;46156.88253711313;47655.25104362334;45941.28308297374;45363.03544546584;45171.23349969818;46640.78565261931;46858.32417941163;45455.41818288895;47120.43272140568;46449.6533788503;46530.51461937648;46331.949694771865;45431.7190381882;46911.68992028678;45982.72180687122;46374.004557637236;47102.20220334148;46361.46395306668;46425.2490445466;45763.40108658334;45978.49270147646;46899.85840284684;47078.08934087642;46210.23328167022;45198.71378026332;47939.289327856444;46453.75426989834;47252.91751018932;47025.68167443956;44947.72081829679;45971.08606925954;47361.7334302572;45527.51999758631;45002.100136560846;45832.28630233017;47514.16499942429;48225.68847971993;46115.40797698999;46808.72272242972;46887.2568842513;45880.69048989772;44956.2435888871;46010.57946108117;45757.62439435843;45836.65787214059;45777.05773319816;47688.456257352;47740.81960343786;46219.798255156835;46615.336637930995;46837.004106994784;45358.40352731637;44303.55406786983;47266.86286962612;44859.05729179414;45919.528935268005;48078.92370606632;47484.33129888863;46471.65462365272;47487.80483624142;46670.964403995655;48454.41155346066;46601.563514561974;47331.34486984951;46958.837806321135;47245.1392959862;46331.30372487528;47090.58304284562;46547.89570897509;46143.833958232135;46317.244113156885;47286.820292843535;47286.88978832947;46127.5741761803;47679.510969688046;46366.43401864462;44916.65817806848;47012.822179087634;46950.524713572784;46960.58896026097;46869.68599529276;46927.19833715781;46033.16060736549;47347.320331147595;45827.830443073006;46912.77095531651;46752.68984597397;46686.38247408525;47156.34972585106;46417.9916680929;46141.73494673682;47365.20732451498;45762.65911111622;47039.86424733488;47486.67473251363;47596.17421396788;46506.43120020708;46318.005282611375;46333.28402235533;46982.22906954506;46856.211231263485;46847.159409973916;46595.92110676615;45834.643252024056;47382.36798397227;45917.01070190277;46230.584924511415;47310.120700132175;46812.373637572084;46878.26133303049;108715.39240052008;106793.47089862096;108645.10533676037;102541.4249549994;107934.25094353037;110268.58475380023;105299.94877666218;109761.27791781607;112983.20886488301;96226.12536837543;83710.20181786543;102992.35849457684;93764.97764242413;102424.05397959569;106626.79019490766;97722.65509526568;100429.17712232306;94355.50360000107;89402.53722297765;107382.42344293023;106030.58878125994;101831.36397598292;97083.81861383386;97413.29999814104;108589.6348789417;99171.49558376026;101460.17255409078;102569.42731488604;99641.49900521034;102931.60929474977;108125.44555678824;101282.55133711376;103962.32040480584;113109.38663353596;103762.50833437288;99041.47857717688;99635.8238361441;104444.18605952828;110248.7098162692;97238.12227602767;106590.35277969405;102142.06691887238;104512.442455335;101574.53856208627;98984.8635219194;100068.47346366801;103456.07715606056;100701.11106566012;105270.6816832902;106208.82560834117;106392.55952887725;108885.3715723519;97163.90527583193;101728.48098874794;107862.95768252024;99759.16278708633;96667.67786099069;106086.62795103584;106788.16930632078;105926.7540097412;98524.29542100122;102666.78650848307;113340.01314285195;99791.66147832514;95843.8410164708;109842.52944726787;99341.73590097783;102746.36237628387;91566.31173293553;91867.47057924606;106837.16903764624;98417.86814826712;106966.66648504724;103596.53243930175;98785.1606070074;101867.4694132658;101998.86680539328;101837.0625640699;100031.1919551652;104735.00834765658;103270.35754569172;97403.73383050061;104232.64066566623;103773.54588743392;98119.74078212703;107468.66130069233;103798.80830825603;108273.62103718364;99380.66656553363;108711.17457260996;112326.06898414;105701.06362338977;106614.14793578268;106226.91472950992;99156.46516256408;110704.94131222864;108416.84679247893;110832.74018422443;102818.08243712838;102978.37861085086;111885.44079964416;101413.8183131888;96871.74644490553;101787.7466065156;107501.70335318774;93760.61724367992;99759.05304885338;110841.95356928038;111126.14854812608;109776.96162761422;104804.45377139203;108664.13017015337;107697.56205680316;100092.38175077304;107639.42463694989;106794.10636863482;99427.193363976;109031.59869584796;99918.1484827075;97773.52080692892;104686.25120965904;110270.00768648706;102803.53142741614;101304.31983609412;103656.14879319117;101372.63172620679;112472.43303516287;103521.14548917822;105876.89984339935;104585.95619938064;96345.90343637893;105808.88544062313;106971.33631995993;105852.75912004836;104811.79832952746;101410.98992716348;95360.37485710207;98210.93325984367;96848.96381270033;108282.91334130967;103037.61532331863;105189.58263524435;96845.5882554768;110064.27780631783;105011.82279384512;105373.12048651348;98147.31932160867;104608.86995448657;101679.79677964027;105155.64888655694;105497.80008952902;102175.40574650397;99810.3742041317;103505.25481174898;109090.26487226768;98086.40825972224;108110.31702192614;109354.93492608576;96803.10393352492;108762.71420675953;107048.85567128562;97794.49189123443;106662.18990912262;107685.80336183023;99801.27348360764;100152.31937007158;94002.18725202355;98309.80369164102;101956.52398659676;101661.22787839506;102230.40273855893;104900.82556460117;107016.05285001133;108114.55393879344;97610.35974914805;95669.81005419514;95330.15804039902;97945.55153869008;108278.73902136572;104969.77865237543;103360.83971085523;101440.67848964069;102333.13409651014;102742.86206837164;103354.075051205;100588.73198777591;103641.05810959397;103725.94599589199;105274.68253869867;109160.00229480633;101996.59259663342;105876.90853888202;108831.5919985292;96690.99091186852;104012.02459854801;97652.22374556119;111809.45781014107;105364.85193580472;101036.0878335654;101273.80276015346;109712.7548495011;99440.9262402439;105421.26960976444;103767.6869093054;109428.37758531401;106462.80827765146;103697.59778941127;111165.47181264848;94882.80802235137;103674.61519672947;105735.46520467207;104108.47240663279;92266.71465863335;103603.41818850707;104937.54523108293;101692.0464428089;89963.90485682723;99059.15585534397;98593.08732915424;103680.13235130426;97981.74726883556;103936.81643690582;98684.10987685736;106314.8827759026;99284.0334240243;102406.82855104977;102258.84049823284;97510.11001513943;102995.65469614373;96563.58151453988;110054.20709478456;103140.75877014412;105071.06456243934;99719.5552359249;105184.8824610438;107355.02153825252;109122.28856358274;103069.55220800255;96833.1719784208;104101.3618605168;108967.52774873406;98324.15806556343;106242.06369899;101043.57620336342;101749.04721764193;104378.4817239367;107488.76913746801;107239.42819812658;94397.57832002846;110970.89119826368;102281.57088814881;106714.62871408137;108897.30405691382;100028.88668156898;102357.47890902238;92202.2567179291;104141.61519470881;103800.57453617014;102198.42942518496;106740.25931310102;102793.42871188924;90387.55815456326;98984.65861069104;96177.72510501918;93685.6357182794;107158.0696545429;105307.40498632488;98875.77795545176;95320.30333489149;102351.32469519305;105452.98899557664;102065.30303167686;112497.32116356867;104941.17313732897;103558.03565630557;111758.7198918477;97465.85738305825;102718.89208159706;106722.16001001392;104513.4651158555;100710.6182801121;94793.69786414607;108372.16512347152;96323.54251565863;106552.18815660877;98245.90586710467;101704.52285227623;101666.85554088737;105780.91280222851;108193.92748680053;99852.62415904307;94017.65865213927;105074.9758737094;94227.48803261724;106211.87973449721;98735.0610280199;97925.2550997042;105632.21266710787;97772.01787607078;102068.33161384473;98320.11881770482;104894.96999011838;108996.98892401396;105126.85967776344;108646.6344632734;103917.24088984086;99972.30103710052;99173.88024304537;100082.15729509661;103080.21736453418;99148.05304119713;102106.61944798344;102435.17261707292;109654.57925861613;98490.46938729938;96144.70904274052;96779.97720228092;98693.21420082203;107729.29921338976;101028.88713020748;96827.35780268842;103956.95437638165;99526.7463104908;98796.895411979;101181.99712808356;90577.27535440637;102762.18211697009;100826.80645835632;101583.12151821;100485.9572458526;99796.22304042119;101349.59534094454;103536.42722533652;104941.89225263;105620.97384624064;107087.02649308668;103499.7551686799;107521.98021443342;100585.92146643944;104223.22611633633;102263.30998756082;108650.02513516373;110864.43194327355;104434.13622863656;102311.07131009387;97812.68891455716;97939.82821347614;108810.05440383084;110342.43489539783;111073.47755776432;102047.08191297873;93034.3171719066;108435.9436417057;103288.14898518537;98245.91497415947;97022.68220273184;98495.52365758279;109222.6387442034;100583.66093281179;106248.44919395896;108774.72335684905;101695.92928818533;97788.01076623553;105724.25170935752;110476.12962650286;99170.98863934544;98602.09860075844;103228.32252806939;94307.42563465932;97775.71875313394;105214.0563487749;106520.41796950984;103972.7303392427;113124.52549311332;108755.78301673254;97938.50261136226;104711.34550487064;101006.7521191346;102301.2770803306;93666.93063685484;101684.92042976906;96480.03779885649;99026.31881599547;110845.90487224396;93290.05325088564;112725.84531314115;105458.33662342443;109494.74609279877;109790.14839503245;107702.94451729351;98916.75189100763;101384.18829977752;105019.7777917457;101889.26247766498;102982.05940951238;97738.50175681572;103839.1657548118;103979.7318885824;112925.20302013932;102067.37068527026;103957.72380866684;109376.61623922324;103774.06486628273;96903.93780757938;101644.54811287826;98955.65620642023;105635.43106456977;96778.84826569847;104958.57851745447;97087.8703376514;107150.54591810383;97522.83999836336;89583.60805721783;103995.63827459318;105759.31186700736;112435.18437789944;98859.06415008352;103837.55654313092;89333.35430188879;109768.51538610287;98912.45258464481;103098.31564270119;103202.69771118283;105366.93948602547;97489.03048981485;95879.32238814213;98579.59201857928;106639.61591324322;97082.24889700174;105760.37307691466;103420.74373070912;112017.11143090553;96062.72111515717;110051.55747774779;98264.771817687;101799.19145884117;109058.5612208508;103928.37135543572;114809.20021954465;99373.38158456533;106325.74244059397;98396.97717515356;101910.09017009453;104988.66498539696;106468.27361654;97346.36387259614;103947.99462886195;95372.57815935877;104296.61740851855;112131.14344269592;98172.98234897792;103356.733988704;101455.8501645882;97681.90437830288;105349.25113948953;105885.98918735742;102939.49926681355;93756.86009848;114664.7780431391;103664.84194063472;108387.06067263443;101751.2871366512;97530.78284001883;91688.46414062916;102046.0080411964;100926.98921019914;102946.46190880158;105738.16624376485;108692.06740125382;103194.65496211426;96396.93348392932;95861.84949269977;102260.96203928348;103172.90255550294;107942.45325449514;110543.0415671458;104682.37666426454;104691.24193663526;97426.1923627228;112597.16075835805;106311.53773912543;98074.71617639203;101192.15721972672;97573.27843929932;109471.39300190724;104958.41346418584;101550.09787028706;104249.56777619036;100511.2029598323;107389.45260848623;103063.07783110096;102729.26175739043;101095.64745128367;103447.71110080893;97811.68189473732;103652.91629529378;110618.81035049014;119029.17660060276;115164.63128826708;105062.20818980668;100.0;67045.40695987784;56651.05823975396;75355.34348217968;88347.37414739815;61312.51943540442;79381.2841569747;71401.522882675;96587.02051316528;54620.938053235586;62650.662138043226;89143.83624612007;55014.14785861926;64811.74395066497;70068.22538047166;92042.96591721546;59218.21832418659;83339.15213844417;55120.3650480442;108722.13087539047;54175.04334235169;59081.43975052991;66872.43572088111;70313.68142076931;64852.080632936486;82841.06922729485;67869.25325910254;60733.6858362452;54851.716289392054;36134.89718251794;45997.73057247933;83885.3074467642;56620.567330164464;48987.27148816938;84447.53495336664;40600.393859945936;55412.29265371659;66595.92982508919;70550.73829948375;57894.27402252424;67319.85105694977;67829.78674947457;71844.30448954986;53445.85829533507;56299.51513933867;68236.33765442132;68377.06645715401;44841.299136536174;87775.96430128306;75583.02775862362;42291.62462454377;69969.06572752871;66725.56230732225;53627.794745575186;71416.53846187853;60000.30879931478;32496.054580214386;87340.61020683193;51772.81313401137;85822.7780281452;88584.0847235726;76790.71441613014;86361.51285531551;60597.71385984607;73455.38565727556;58090.148068158975;66973.64304601756;87904.31454528793;58208.054890630665;65628.03385762975;29876.656649598204;65511.318091791385;72013.96771987915;58238.1578618857;38566.67323512073;66677.1370721796;73976.76340242485;39952.79896398788;74230.21414355497;74459.69900878494;76571.85854513464;65688.56809080331;55396.65521547432;86135.04832937478;69968.1987587757;69583.96848247372;91591.74225031602;68016.91600927463;77157.78070188964;36684.77056221522;61197.038327761475;51196.366284639866;69281.73746679656;49242.60049327333;50650.428466112804;55051.90876393472;91704.57338198523;62266.028675693124;74702.9681644182;47778.01689629328;84774.6982628539;44400.42012155336;50755.32981388831;81003.31484783298;69495.79769755306;74031.02123448339;77694.13181066548;85188.4299489351;43704.93122950527;54660.85297014435;81543.55761965286;54267.268905713005;64708.46066009841;57483.068368243396;85782.33947570989;61997.690016284025;59678.57703283688;41764.23377859359;62490.229810116114;42521.04049049062;57179.874825790626;81293.7008327797;85533.48800808772;100904.49401841062;63763.454234074336;42157.01049520144;69252.846347335;61055.514772105176;71306.71559038661;58671.46349646116;53090.77306589444;44345.91619847547;61455.864363016524;75199.40537269767;53553.864611203186;64529.3786598865;72770.90748814683;87978.43079508275;52292.82124208653;83899.85701620653;78423.95400926794;70563.47313168159;86034.9865809597;53784.56342730269;47699.64740192044;57809.93928591923;81911.06197976142;75377.3124981481;38242.964066852845;53273.64245377918;60772.45503858138;83368.18706246155;62780.426888140784;65581.03226691658;75587.13088008268;46076.81921009038;88100.64610459295;59565.89639287492;55818.65603454688;69545.25238455088;88301.87005120507;36838.05950495999;60366.14878517707;61721.7334497972;47374.425709876086;62731.94601696057;65063.722864386335;69144.31506154487;50693.310334791364;56468.41306618446;76373.19317876801;70905.92209589781;62089.05331690271;52899.32204813042;68398.10608154464;63145.28682881541;72405.70831095536;59443.989614840575;62807.025293230596;61336.63202526378;56921.27110843535;71502.42039987675;43602.472569373625;76821.86543858249;72154.01595129937;69402.60268154775;80139.35295056668;70598.22824684241;84411.80497535202;75899.16837653186;86185.89389377121;74645.38351552769;65875.14721104514;68888.45606871918;54319.63533562847;73333.43058740614;103850.17947470504;33976.89740678938;42782.074396655466;71735.76455247513;89213.2027968723;79482.92362683946;62493.452258168225;101698.13237020573;70436.2283767002;60721.82469517973;78474.65909065463;56216.15130856876;86036.73258513764;77656.53975268111;78268.83523974585;63749.55307704449;79121.17249310101;69350.95457504307;85100.93870281357;50559.26620679577;88287.70808889926;72190.63505637353;88311.12359234068;75580.84746636037;61231.61191444263;46749.05153111561;75928.06872784114;63172.8679461837;47517.50756466397;56523.9259112044;84326.41615946616;23689.683899665077;64330.81499673867;105427.42790431782;63474.041996970525;58840.751298295145;64345.01114971379;50269.57094017993;72436.85114459544;71771.74774713644;58461.474179937766;52607.827448950615;84762.7312507703;66656.58379788265;77589.52011646742;66627.84577785588;85854.40395313008;85073.04673981438;73790.98876972258;68750.78498319924;87357.25850210304;69477.27096549209;71967.9726955213;77356.00640634226;73893.43370995621;67483.63797338269;83708.68728915347;74366.79176414575;95820.7920813832;50481.9938390015;61071.084476898446;46941.87839095933;75866.95914242126;61613.71051077723;69825.59401767852;92369.23009734212;36174.711620190166;82137.37115532071;51169.435114868604;76867.8841133438;50094.350279563434;71116.35672850884;56414.11469506961;39185.32102779564;57050.492829863615;72381.36450504414;61615.113305547326;84685.3786915903;97213.59914044848;75897.39748784777;55591.369023653606;70150.22531410574;71398.83185003366;43229.960381271776;38605.02890055649;89138.31557209225;49864.67081888913;75214.0416980668;73482.82729636657;70563.31877100977;52124.13412905752;78389.32109548125;80459.2222701015;63604.03511147963;52258.18999868093;48455.07778713765;65366.34232984296;71060.65272269207;83167.15122773263;87780.25051247557;88782.27091675937;71499.82938574115;85724.42553240294;50515.823828465145;73675.10911280561;79764.15202274374;94065.5126029458;74727.95252330654;87191.13847189804;67393.69865095495;61797.83891597572;34849.291981090784;76795.30825609606;69384.25238878238;51490.01901207182;79214.43196772313;81250.39528881236;67479.92055710866;81771.25736683328;70793.66297854675;55965.16825030755;69496.27243363764;89734.6626779841;58291.41057864242;65183.981946865744;61428.406991336014;54505.77670603173;68454.72703217957;61890.78587568701;56280.886922354635;51222.88869233686;108290.69070651039;36655.863937264585;47089.262892538674;55554.19250217192;56668.29030547159;51702.58776307581;70815.34521890155;77018.16640635909;68463.23349104176;51356.582296872526;38849.22127631178;69654.6582291661;69538.65152767085;39832.65467373961;57477.903506276125;58563.843830921025;63269.474032252234;90142.87554182351;77754.43470690353;60024.59170267539;58463.745289844024;72777.20680761656;55195.09844913259;75296.65239374716;51449.98919199263;55633.560552615476;68275.09289964699;67525.81925762587;95929.05482936457;73866.76881585679;56191.291669291204;21080.86731761331;70272.9403973475;82818.77840207439;62323.315964739326;85996.41624444784;89991.60104474533;74873.77178545692;57281.787911993575;63322.964430011794;51530.37471562381;43144.84488654148;63042.68153699905;50911.783671768986;48623.53498198925;67527.19169647398;43322.000925026354;58540.51561209628;79512.71882089104;53511.02009918713;73227.12895098982;64052.419337031526;69244.09815609353;60114.52064440223;78006.96736424344;28910.82060462512;74352.68318359398;84031.83239665111;75518.06300639009;65125.04600742044;80646.7480759046;65044.36560512871;66730.0563970199;43840.02042276063;50898.10491622028;70104.45039328835;55264.245176179924;52890.05960564127;62712.50105041884;76670.41059933355;69457.24651498483;76984.66841128503;75616.7664264685;71329.61129900311;71601.99226464107;76217.87259967552;79001.02056870822;68759.52995144718;40098.068225308445;66663.93080071128;60482.688005942946;82176.70855215695;72037.19575479126;54245.829036723226;74627.34945559481;45253.56839518192;63581.85362672713;87119.43077144206;79934.47793630611;77931.13249708558;65419.45034025064;58502.429269955705;54042.22673185538;75571.35018918526;58578.48575510803;78220.84521275928;57878.02277750934;53794.22482855481;86438.65347563576;81092.35878222977;73951.89544890856;47891.78639570731;76194.21994600673;96338.72426907146;79890.93366785019;61837.20384415749;66427.84806221361;77995.8597124807;71171.84897041258;60408.34710819085;48453.64868040663;83465.69862690322;45936.2372955646;55946.85287506517;82131.15361553269;62664.7338801095;61346.41688284594;63502.97248991537;73035.94637661544;55715.758164522624;53373.82993148336;95744.84734402962;63342.30463629898;65929.87671137365;59067.6874284624;79330.13877852137;50533.227891312665;94587.43083467428;86842.12368318702;63575.64047831874;66836.57241619151;81644.18983054374;87937.15757804799;80429.10076665008;85227.00067405644;77036.4052723456;73134.96596456377;80909.70388345691;52174.10699974463;77403.41099870291;48583.835065719715;82867.07025518005;65673.35746527159;64031.924803160975;77495.02229017281;84744.9977999022;57166.41250969497;81693.2163398816;84033.47022076178;58016.528393103035;55587.95593615838;61573.89412113662;63180.45594278475;54578.011257495506;89999.62178425568;92147.66001885256;46523.88422614809;57734.95433266144;55721.737268253084;65644.55270188616;74537.86248469274;44382.46780153024;78811.96280090381;73597.88946541387;86259.21856406196;69121.02856963786;41422.21772603449;62824.25045021327;88409.66463481156;64511.974808162224;57782.19711264561;38838.98879745767;76790.56942211058;52042.17229963552;100;84972.8906084155;81848.57496867783;76467.07728252537;67551.55479624725;71314.93987901782;84555.91761536512;67323.55117709137;77093.24232718845;78137.46334409909;87286.6169703409;71142.97581559508;87207.35879416675;59154.227155003435;73691.08671779452;69310.20409501437;68180.3483705711;64995.35714873987;88134.81741280419;88376.26660966489;80442.54158103972;75919.84071994219;73075.42485364481;77092.41515264745;71659.90807454621;84744.40824200936;81782.15558978975;89226.85315229063;97916.96563149882;67702.07203112479;100007.11231336146;85129.90268817263;84276.81153216035;63030.138506771014;74651.35137901122;70775.1320204371;83656.56036785361;76826.6384321185;93733.72064172069;71865.63905153339;84205.42516884813;85271.03070725747;69332.42847863337;54799.12608932437;66859.11343645028;86453.34056179135;77811.21012626043;107707.95877055703;72810.04108053868;63807.5038937152;65599.73460373;89299.92272547033;107839.53366997748;90767.45381138494;113748.14669503768;64226.99979074775;102856.62819834406;74978.0134511523;91259.77178275977;86551.15298131715;77941.91827699254;92149.92337512695;80628.99979766952;77180.08527984296;108514.96971579766;80035.2444604554;67981.25154449343;73033.81162798186;83205.56759450119;79168.7215380406;72795.48211800572;71429.36203787585;88394.29595711706;80961.26867411661;74055.7675748389;95420.17014531168;62305.200164299815;70288.05247696773;71650.10272199576;88834.43162460599;63075.70471722878;68460.64334839651;89112.7707096457;81973.7768580889;76227.74169833784;69125.30847566704;62468.574910691364;61129.0047769892;70635.86232539611;69208.31379163527;76426.98518034935;79944.23803842918;69878.50676093361;89444.75206060041;73460.29510543577;101974.21704510783;72976.01099506926;88863.56784948254;93611.40240196447;72042.90253367202;82296.47893891268;85020.78389909303;87480.90900914054;85473.89840789237;94393.16723704584;66820.33430397337;88433.77595941721;73795.1934417686;58712.08866595772;80427.32757084463;84597.70369202897;70422.0198232156;94629.09467865102;68862.75797528807;86295.49042799207;90492.75997204988;71143.65071219786;77459.7849732214;86048.41930018016;80526.61633165376;89890.69609491533;97282.80583246976;59521.52011820497;80142.81012519565;81714.66054342847;72815.74165690679;85702.35994605019;63403.365828445276;84688.7783872879;81458.63014954701;66247.73091774758;80169.94362980436;98204.88163739834;65088.337524267576;85385.16459620395;71462.64261244037;78407.04982719723;83773.82566590718;66540.20189130117;82700.9107410302;99994.88193066652;95736.69331346828;94267.96998393023;73202.48272361659;84686.18176729603;67887.04109231963;93326.30416928508;73253.64795293842;64390.695613295655;80743.35905846955;87932.5136661279;82518.69641998812;84206.39740763446;79462.04255700464;67772.39685130838;99922.72590104284;80580.83262569793;73411.32454616457;68142.38852217003;96130.11566274676;71549.7248326833;72093.64072730401;63252.18180948366;73039.86374701673;64152.775376053876;82279.286550347;85191.64121580635;77516.72162945673;76542.53935191705;58019.015735656976;79625.72047289979;87062.2021473543;80211.20504786668;70005.24611958447;72760.32714651378;81063.41589792348;92625.56058644688;68649.27477688713;92510.42682525137;76278.8000095155;80055.91075412865;85374.73706942459;81909.16763982574;91412.95802595088;107347.03927642162;74039.07223098463;95982.24931370046;82334.71146091801;93828.90708682283;83522.92107070184;86715.59557260311;93593.98076697641;87800.24715631103;64463.86468947724;78721.90005953633;80750.36451895733;102928.02080337194;92003.7334008202;79637.01471895662;80514.9929506912;74941.26333313316;74983.9141981457;58485.78116940349;65532.51947417617;88203.3922168936;73861.19567365218;69350.74154402749;104812.7658748274;86807.6602794755;105187.11937380467;87772.08150019663;101181.26932881905;73104.98950694385;72153.1639421291;69740.7493946988;84015.10622687744;69262.87159605237;75788.61115425135;83820.59123191008;69493.74323234678;82782.71571962094;73085.95213267293;73613.15116226679;90146.21333840721;97516.55823241186;75497.33660141096;96140.21392806864;95860.64156935042;84292.45594518849;67064.84692934883;75504.68987289516;68120.80678275495;84400.29187925658;52811.152482715785;93957.3467417854;94570.4462146991;70949.5812667122;78943.42805631913;70494.14071974899;83146.79412261343;83447.9134623859;90764.41592454084;105104.25719067836;70884.54061309162;83273.45511271716;90065.61627950592;99285.11516205184;78580.91490021236;89956.35204313818;88047.76927267996;77591.12351241158;61453.44594084756;78538.16512329152;80324.44695440777;79334.17648147343;70113.40479460597;86933.38002351428;72930.38721233347;99181.51120833868;90645.76747610373;73112.38893261022;65090.566213340724;88554.01073395426;85859.85176263112;69295.81890753238;82014.71888706907;91112.15826530287;76037.11592238;88728.06345179904;85546.67068182987;78309.9307050749;90831.39124845304;89137.63652281521;90048.03598782721;88798.96806334928;86324.2337527126;74195.13146974565;77366.99890366718;90779.84368021332;82198.81110659693;73268.3267134366;79274.28420704923;85986.43746750393;102112.5180912192;90970.34814975756;93595.32938877986;81820.51803627875;69491.6403412741;84869.85559088728;78119.2780541518;92577.18977422717;66345.19900068823;78901.0817474309;90878.389810426;70080.23024161678;91767.17954920193;94336.92051452762;80036.93830425994;83161.89436099026;81306.77175155548;71917.56568093982;100459.0267272209;74136.34667585415;75832.71973810857;63038.76661280455;69146.3209886087;75309.74865426736;91469.16335987044;75910.27651689367;89636.80246516004;85578.95203044158;81691.64624802241;85179.34517949409;81033.82145341017;80349.33420938431;83753.97519270546;79723.49242705331;51386.43050653251;73229.68068477987;56019.26527214177;77664.45490684644;99051.34526674912;75867.50367554893;78727.79562214336;74630.15238466387;81024.52476677229;66736.94142705838;73674.22714725281;94688.19157852976;81170.36626531635;79002.36613845004;68819.36955080551;78246.35002009435;83781.89957871818;92757.31571979498;81029.05975135982;91580.551836702;88517.28328059084;88193.8207808116;84344.2913999448;87750.16976243803;102424.56592745897;90587.2140762257;82129.24974824564;90406.71862475756;72402.33867272001;83741.74185014688;80452.54569261105;79462.29516123478;70261.43114234372;77566.39930685775;80379.8440161711;63936.81724685751;86671.60433687655;72166.60247491872;78983.83699102062;73315.84705545778;80149.83819242447;67382.59934516685;94321.52349850473;82389.84088609468;77888.73176570925;92247.08434889936;83302.07627454483;87373.63848422968;83177.77729231362;81025.07635518942;82532.08213410142;73616.59292535318;85453.89270305552;92586.07975865543;74037.96557769642;81563.39752468088;89213.49509266188;69646.64542887786;70680.85088177468;101367.73757168019;82377.37167957408;92407.58707763924;82994.0910750082;70286.99542449503;96680.09926593784;57724.50181061732;87538.27633303766;69282.44057818378;70335.0449403835;84027.79178952932;94723.63935866166;83599.03281945684;92457.90856254696;72657.85723359187;95977.1463521716;76825.48363771943;72773.23801343399;77521.63045588414;75281.56485896453;86790.66292047364;87218.11819187387;105993.82456877881;69570.4637514347;74480.58096536784;98463.29318915133;72293.9542734362;67838.24327508343;80472.79639355825;89463.45515088555;79534.30140184773;72668.85469931459;80985.1894145536;85600.46432058586;65941.8588656671;59991.867275748926;91258.53177066948;104636.11097597708;81197.97080614197;73782.45464893874;77971.52174852107;75332.93233978911;55811.14616173668;87401.95161398058;80530.22578631571;71793.05650179034;76628.94107022247;83031.78355068009;79643.05092488433;102779.39559070117;85268.80578511258;90066.3255708614;74021.47292941509;77563.32361088804;78341.33428141907;102027.88348060484;86744.77234824089;84256.72490498412;63789.24272637361;89670.36240304768;88580.12220691983;106927.40582433784;88229.01359575696;57540.756858179004;75529.05837881032;97071.7743230124;72521.04548139789;69943.90946840556;72205.92282859277;92535.57166854374;91568.42645233488;88367.00979391561;89358.88448470758;95516.66420311967;88225.9282792934;81756.94420725864;82161.33850477067;84319.09512172305;68868.31583592473;74214.35105643285;61083.12352379878;78718.00894587375;66458.5298429103;80345.05348538772;87552.46244137813;91063.12837877027;66991.78549995425;80983.48892422771;67484.05146854465;76453.17441654994;94243.00811111217;75834.2380975702;82834.90675851423;87153.8249113326;89198.65807661873;78083.60226688022;79526.14021017702;79575.52890766835;85182.85946603178;99252.72565710336;77198.20101906423;94578.42033349344;75289.6834325686;74765.16215710093;66779.13195084369;114921.7669646475;88418.82488232203;73706.59130831159;70747.16454494905;71529.26409478567;83801.70975003015;61118.9882989144;56257.47076224481;67598.12833486515;99053.13015604984;104535.18902201684;87289.54860234824;67978.02037572747;95847.59313056193;72932.70196637843;87840.85053340983;87470.09961385217;95189.96981737838;72499.05547039973;80426.90496179293;100;120822.73846879882;100755.16594074304;119173.75255424455;97335.65761760947;110675.46769738618;119350.1052271815;114634.31729544465;110586.73148698833;117447.4025169082;128632.35950858366;112845.90116721086;124983.92819582045;119780.49146224985;118093.46232453485;116225.01187667025;114012.11564973215;112367.84285897868;114220.83563691596;105368.24770188332;120944.89538251127;116393.4407861344;127352.32299740553;121672.5728631829;106081.08316760397;98645.63027573713;112332.11539171162;110204.20408878128;111001.57573704381;110800.70214918502;106370.3968141228;88351.92870636299;92316.66158018287;119215.98416666404;114032.70033212195;118245.21246867125;102016.08923000252;116976.51594330615;108126.1437043568;108714.85695468284;113671.92490024428;103539.12961360195;89913.8067056375;104025.39585052444;104695.21446749977;120720.95606635275;111875.34695026043;103783.37481759359;111237.26058639276;107444.34067308767;106502.20275337737;105164.00098416916;111509.144656089;107934.28714756217;112158.57015924127;112546.56517916924;107787.85315252237;105137.97243936671;100410.24313722507;119750.13646227425;114406.58409256175;117720.539654848;104186.23283792568;112082.08031490348;120167.78623677554;119831.05243644939;107666.04179904787;114394.70711282172;107260.86930495623;95857.99545474713;108819.9013889734;111697.32758612985;121688.77734883418;106013.2848813118;118345.94188561404;113522.65428086356;125505.49309381141;120899.97318335695;114889.96387010276;98856.95875108008;124714.12614706914;112802.8470448512;109713.8397617442;114965.96597008215;105636.41805829204;110024.86691800565;110068.2051185343;104479.7657120574;109880.14064285258;119998.25969957892;102435.89611524153;117061.7249908135;103981.29410838519;124888.67852396329;111310.20822294727;114787.66248999967;103251.66000941453;114894.8860383431;127235.24955526835;111366.22655862717;116740.7285534214;112131.44737080405;128112.91149441415;111117.46018988732;119438.79612496562;105842.5557311758;125770.13637011348;113067.25072488244;113478.12205279867;121529.29023923815;100079.10615197576;110954.00292244527;127187.83402809252;108634.75968112232;108182.85223453908;120585.40186242158;111884.4460061957;119311.45478091422;106184.58033353127;125191.21220652586;120187.34086319632;112811.90195311265;107392.17196709859;119741.90375527948;100153.70068874818;107528.25489203662;101821.39389755843;114603.6679095637;108909.26060166008;100148.82810540553;102440.30831555562;104986.81841244367;114202.99245255825;98776.16600195193;129017.26034243485;104947.19739730246;114083.4647387759;116839.0965232616;116658.19914813133;108220.58003729774;125093.3271566426;117154.24648448535;117276.39000131926;97810.54040664095;129022.95737558068;120607.90902466128;101662.15938015553;102615.84912748245;115793.98559917328;98636.9630468747;110049.24073937096;111733.32616798033;118841.25815233213;109710.60753538294;98723.60821727166;125185.66325918125;97906.29503035957;126609.4298113344;105023.21088970854;111337.49468440436;97287.83437568636;110105.37863494913;109161.06783735982;109682.66637313264;121942.74526433733;105814.61438121591;105212.65086697967;107934.09319683537;113339.0567756333;106901.76423037119;103455.35108201172;124979.69005839658;114236.16932469765;100134.70110652623;118250.60523383744;111120.78590602207;99810.82008117756;121998.41598005568;105570.67032569123;121351.90272742909;113254.07053265962;102059.59384134877;99856.46731365698;123072.34935241482;111416.87813063957;119379.37970088088;105569.938800761;102557.37831553287;121387.03520120158;118466.63570126588;96785.3629493286;100789.16656929028;115231.54672877975;109420.98686595669;107720.26810253883;108698.94017706953;102432.78628787564;103496.0680903184;105731.92198853576;112674.10658709506;120624.99044262829;113294.38608143375;105915.02703712213;112510.0271371053;105194.10338556622;109479.3990308074;109373.15681052039;108978.4319168232;99953.89124737543;114628.1233705302;123071.45289906093;119787.826450943;126524.87475318245;111874.21952043624;109346.650964916;115191.76538720926;111118.82844275764;106843.88158291386;96313.14866186402;122280.98719076053;102343.27259197748;107444.95981602187;118919.1305892255;105284.59779418077;103537.0885833396;110323.91963053297;104159.51504071902;104209.54415209671;118581.49620525648;107744.44706616033;119925.76088530757;112259.76591124707;115600.7903008648;111820.84977573722;110267.68089453988;116409.3856018148;118575.21032166904;114670.53986039727;108858.54177415132;111540.02178458797;99715.94370885137;107982.34189579687;113151.33475392342;109456.85747322852;103984.30236430973;111795.88111924287;107525.38069915016;119033.17819380984;111778.02116109061;116223.28380900074;117222.23059002115;112240.07596257336;103562.28095036217;116124.34774747539;100287.05077054453;110931.55284609881;117643.91663823901;113610.74227431387;131370.25689013608;104197.5968245952;120641.13085451686;93556.15126368652;125101.1095121392;95810.96411083156;115279.93511862635;120834.30517509955;105291.66916223997;93531.76283790905;111484.89288583578;116020.12464336913;106060.45057934988;106338.90010683912;105257.01891350887;115795.38856670268;103161.66014007064;90331.36462163119;116569.17056678266;110210.64855550422;122312.73829008537;106982.30638873328;120996.8156764884;96519.14213130275;127068.33495680592;111895.59608692273;99217.51801527859;104868.48095497212;95414.83689413348;118562.43430407654;106241.81405735057;109518.94281637603;125015.70356724488;102256.86895546444;106225.57720440447;107582.72678688564;109956.5547137361;125899.06864119679;110351.99652302467;116792.5206002999;118935.65807931795;112167.95839034591;112362.47471559935;112786.59669728635;111415.62965023694;107093.13167344005;90062.47626904676;107158.35066406957;115199.41681980685;107576.69914382196;107035.233330999;108860.84847028293;98695.50550665963;110435.63384020072;99880.14079779752;117323.91439409154;110349.06030256297;119866.81440317036;105733.2294271344;129711.89746478766;125726.247727865;100988.00732206828;110057.90048117592;112822.85050433964;111743.37256387543;121051.67927022275;123295.02863586028;103731.8426860267;111396.7125825876;126091.28397384225;117790.63135848693;108084.95169553033;109387.54340359695;107994.94630744233;120803.86121688908;95817.09113731814;111068.42753547127;106952.68407034664;108953.02838865411;104188.5379806398;109762.98693915186;128501.45625594664;95251.66626576762;116906.78267520947;107896.26173819497;110995.74785116158;107445.26962489351;121901.6122661804;113719.11078023615;115327.6476909895;107038.88156195557;87214.99059198362;101276.21008126123;120316.40361396481;103655.7779911365;122856.98982025766;118824.79471765053;116738.55896452695;116103.38761899447;129738.0810436692;99164.3721449912;111296.58773992676;121580.72171107975;119373.73673612518;103123.74063646703;117300.52131129875;118988.32176713547;105113.21164731547;106914.32371271547;106489.22938190967;111944.88737619812;115299.71356718345;122356.68434748564;99336.53562070613;117000.90659363536;102387.94763115961;103948.22624050156;133667.66364316668;98542.3821813845;111132.77949555132;102404.31940526236;114946.5954607938;107524.437725113;102119.11422801993;113957.386233368;114067.62792682216;103341.92736047752;108372.15350382682;103931.35709074452;106109.09570092618;130466.48708013295;101289.14784514502;110235.5829729996;111800.6281475855;110136.493439465;108841.96052115069;111645.89480521024;100561.71072340343;93880.70765647963;117165.77162449385;97254.01273523556;126901.08238209489;119194.56669895268;113963.16990527266;121243.46763289045;116415.24990723495;123737.26701597225;104785.33065174939;115141.58172862984;125605.4532325568;128331.66831058788;115618.11948748936;109620.5247089084;110827.53821165985;118270.35911242873;114542.79101680758;111067.22712401793;120551.17017155375;104955.19855377935;112222.7122146216;115480.17900758494;120996.27691265671;113547.07000406699;108118.15749324195;112958.0039966144;116261.18928581756;110778.43297370787;107892.41361624397;119386.35828583055;128312.40514461715;113429.14623314649;119428.52596930016;112643.22763276409;113098.94908375404;118089.06343317787;108012.51973869774;93828.84991956348;96132.10535528;101897.474279052;124267.86725736008;116837.85334599984;114607.34929539994;110531.39339321095;113765.14639439965;92514.1971858652;116645.45524797533;111865.96016746583;136251.5472562391;110439.9577475779;127846.07701289715;108604.88560267883;110765.18995098094;107827.89928086668;118641.31350302939;105822.9053895986;97954.70247594768;107639.42936857426;94668.91201047592;108386.98546287398;105979.8101588932;109678.72053919712;110363.23011201236;122075.8040077401;111185.29519900687;114006.33613024025;107212.94882792103;95231.6473547001;109292.97350003532;103338.81409338884;120760.31668108408;107819.53802611618;111919.6997012108;116758.67695672947;92792.58923888564;108494.24974849314;112340.6782801865;108767.0701300712;117174.48737644884;120927.71187974619;121193.00084173592;101066.36716350836;107228.68460003236;117675.77333164461;107355.35041114056;103022.77401122233;104556.98734118792;117775.56813460654;123394.00396686989;100577.66558360304;109911.98326023572;105674.58506369355;95674.73851016244;119069.40410785784;120491.87691642635;105556.79287973992;94347.82368692053;106859.93523230184;118708.20973879908;121874.95898878375;130559.7860909102;114658.67243002725;118726.13938597345;100174.28658910237;100.0;62944.30016783245;68888.00763457845;73526.90373683015;66009.69895709622;73406.28891659099;67834.58467197731;69615.96023934669;73775.46989746207;66786.2196253475;67448.08199027268;68527.01786894398;72250.96935218117;67945.01902737924;69279.80377576326;65528.18843879727;64497.085200938396;70671.91298475384;76295.12497376984;72800.9717667019;76962.60152619894;67236.13259955893;69063.89791168619;66475.56625625229;72276.9615758484;71998.76910903041;77936.09308613121;70387.98605688289;66952.09815577963;76842.6235107962;72577.47751394054;71498.0381857622;69357.06971911367;63321.15213227367;67800.04428709815;67963.96836288084;73413.18454589514;74559.48498790736;71384.37687242379;61491.01514086593;71781.60511705678;65540.4831273453;68313.29579013327;70528.28485668938;70228.31206941811;73799.04453308227;64628.202207412716;74010.43806025236;67497.63042120959;64738.79408077032;64542.07716151548;68908.19304334275;71472.49014984809;66502.31411058693;69917.54253635647;64881.36290926582;68438.44743525157;63686.08599461286;65635.03514758045;70251.98417277701;67297.60259129202;71016.19641608518;73076.88579022576;70757.50432764973;67510.64412653535;63967.21986915295;65628.90517379814;67195.21303368482;66295.22836084999;67529.7474952831;68668.08154977449;65622.06349780464;64040.52929332793;70696.64296145161;70089.76024165668;71438.7103705684;67447.17647817612;67355.12232211919;71102.91299425124;64669.16588431973;67094.62231318401;70300.61135693293;68507.467230912;70287.65892656543;66313.06443818385;69793.11943815462;73975.61479803779;68347.36420539011;69170.63736093344;67566.63637658187;59359.76258610164;72837.78752277758;68274.10164376974;65587.84818460759;66802.75171472563;64584.694023694276;63858.036083597966;69302.20961906954;69276.89557128289;68409.18225908044;70567.07950678591;61109.141639030895;67259.35909000128;69088.45738308289;66833.56326238016;70623.18972953968;67711.27001871313;66177.12549895195;70836.91488875057;75369.14391818947;70397.44018078299;75817.90755014426;72619.06150658602;71074.74565435218;67818.65126312057;69718.53710061213;64365.056795314806;68088.52338434405;67386.92102637349;66773.1710949347;66779.10830836285;71883.80489007769;71255.60263890763;75116.08077612836;70557.98522537039;64086.630781106716;64670.36115120657;73009.48271850706;69018.64275451253;72002.82552225835;68628.13544574322;65613.95596784465;66274.93983525975;67944.73549049965;70619.83642041215;68645.74133659566;75326.84942807433;66606.7856726656;76584.93087484855;73825.75290179427;71677.71976306516;66395.61329837359;68258.44050570094;67943.29030367389;68318.87792334097;63367.334070030585;70431.06978445027;60892.58236508161;73283.47341868405;73342.03526921343;69391.06271473777;69528.91286139825;65249.88747623793;64652.60824993495;68383.11693869707;71626.79218457859;71735.25475326375;67152.06401236061;67221.32445115986;66905.9527852222;64740.11154355325;65636.33991442685;68704.64364111518;67989.4391631795;67226.815532329;65638.47446349973;71292.02605467531;69995.84681274657;71277.94561678322;64667.75007517861;72720.45556763353;70363.20668145595;72251.67368900031;65607.40801465651;72538.61557401823;64430.98434738279;65026.433539953294;67345.1319349343;66279.62720452575;67987.26021234022;67563.80083678204;73411.10227328687;74379.6526740661;68950.95038874418;70613.57293977367;68773.39468152645;70798.97452415543;66774.78451038644;68603.82494472932;75044.10524638442;69152.72925619755;69828.12111009126;67574.91651639622;64973.35307865745;68024.59444144966;65467.455281956085;73701.90167829531;72688.06449545793;64277.18181729952;71877.22404263391;72826.88424788398;69946.26251035687;70738.37067784251;61129.585957035575;67551.10972058485;68035.0771408313;66496.37653378205;69202.7854749557;74064.68099094287;64401.55993595635;68238.66479886445;64897.32538324593;67168.6859209649;67837.89688988008;71803.23932283059;71296.5783548991;68589.93326270915;68830.65595094638;66311.7758034546;67096.86256553567;65936.50760160144;63389.62436884371;68874.41614096798;65163.533748209724;70674.40730114856;64566.8946003488;69189.2849731209;63283.50431864397;66301.76651738174;65907.29564715909;72892.5961292335;73327.97723006613;71045.02809922732;70185.60159905069;65653.30212843422;77993.6741964985;73064.55376753391;66837.17391960477;66628.51624847412;67612.23713554579;64727.70426794415;64128.244564620574;69258.05825514426;72931.22000165253;72218.84223305377;70542.93160094971;72192.9234249042;72206.29829308878;60526.00111721715;66011.56586403071;70370.48747962402;62279.75654968665;61722.1228108164;65182.66240765805;65683.06794878468;72116.90219068223;63142.48042636157;64904.55506888293;66921.86472005643;67418.44704778452;65012.866223806865;65833.59555932216;67880.41940562468;66700.13141448997;68970.13636760907;72900.06545542245;69290.55091696348;70030.76561765566;68419.12253122289;63834.34060884893;63380.94013200166;75408.16312857611;69910.72065183884;68884.92080264777;64979.71717403579;70810.6410390143;74433.591432429;64313.86630523289;69641.32156879644;68933.77781991717;62315.47289083434;66901.1264263871;66627.36523608732;63186.639862385615;69457.88864963934;68019.74979246981;62826.3753837826;58581.30731788707;66635.4402291511;70202.07815037144;68888.76656998959;61639.16153596755;70859.51346277376;74028.57741511808;72568.03899623739;70064.91145344432;66741.86932394956;69991.06827919937;66011.96707335392;66032.33722545771;67052.28307230912;68928.39256372504;64012.58312751236;68339.48471102532;74729.43785442949;61759.719613041416;62425.55448154391;71392.07066099651;66239.81109464861;72659.85235827584;75702.49506129489;72370.23036421853;61089.576600500055;66000.45027513146;72840.33417019734;71066.1468840492;71633.74367393376;71544.56641237503;67759.90046064723;70886.95200547097;63937.96229809326;71000.5426196479;65524.738247780326;71473.0614589275;68668.08863357661;61644.934896210725;75819.99833963369;68051.44971314356;68361.64336711037;69842.91979418635;68949.36539803354;68000.7807718871;64240.87900288968;65618.50904436145;64952.88159220268;63110.207547036174;68183.45039732162;74439.44200132108;71772.62847598613;73482.03310444584;67092.84760397903;70111.3885551805;71166.99777156202;66229.66494732579;69720.27155820379;64586.09635546227;70026.59999905557;73814.30463253471;73206.96513790367;70011.03412257657;67522.4715149366;63783.07644898696;65501.9160582171;64561.83232257622;69420.20876537247;63696.62388462867;68023.06824107724;71858.23433805711;70615.46683523295;72268.99184830426;74561.77621615809;68634.17290274447;73555.51252173362;69551.91278223523;64952.56296500943;68805.2979169529;78301.3899503448;71617.90164856262;73345.40485286411;73020.50314952237;67777.0420570704;67217.37777900294;62123.27367776801;71182.99767054952;69031.32740309573;65793.5107851928;66220.85238484378;65415.0998024221;70958.41917648242;64664.039730415876;67590.95811762662;67465.60578355438;71227.4575765896;69417.39758338376;66527.87783006673;68290.28423720265;63729.61250424775;70660.96071976905;66614.69337876965;66808.59632901105;67744.80453417907;70388.86086499639;65768.75931291224;67385.13555330265;65982.00071158362;70450.47032829473;75354.40111055845;68122.28691887688;70356.04678729098;67937.76142655374;72000.21385776266;65015.100337019314;68994.03313851549;65849.36408793481;67719.75637480442;65752.56810128584;63544.27765117918;67915.15527030389;69517.82976030064;64581.89521183045;74938.05634428354;69633.02052463213;70305.72951462129;64017.902122554406;67992.29468527704;63576.61058756374;64745.48303936753;69931.61685581875;67481.74448378259;64441.36675590063;74860.44916999635;67100.0414973539;65802.0085877679;66586.76038088024;66934.27536830808;66532.14932278838;71146.25960752461;71134.72759994339;71278.30089440905;67638.7986992904;63113.83337494952;68864.61040339853;66283.53541541642;69479.43051152749;67037.46940266219;66082.51283750936;71128.95022392998;66578.98658645747;66690.03720177345;68255.09915241755;68505.76349887298;69055.7789151358;68610.16293982248;65829.08427007838;72993.8684808072;72768.62788311734;72556.68099234464;66130.17396122718;71807.05687922315;65336.103062296774;70358.59737213062;68488.77772782426;63057.960269028496;67177.06394034138;69447.95949237102;73136.25569726332;66229.73502985176;65744.96189140422;64373.86779502372;66962.08245299965;63724.234842004764;72258.31629793055;64401.12029947103;70328.5954371297;65807.3261323313;68162.89487350719;62943.80560566393;68746.42151953455;66502.23449101597;72462.45568450668;72432.68732665906;67180.80343904765;66976.96361175305;77006.07821960449;72524.12062227317;73109.54808589967;66892.27032628926;67800.24922685504;74295.84974795113;67081.40898498597;69650.77457511847;70703.30719383403;69055.60880363095;66557.67895489237;73603.68715696162;66046.19555833984;73337.85877907954;68656.6937176068;65904.68234062969;67273.21006246281;69644.71270160294;75331.59475062601;61541.04575438559;69485.86153416816;67162.52610724642;70093.74766098685;67145.16226202737;62146.92031561992;65447.30725222934;76181.0462305992;71047.39765068273;100.0;88311.75450799434;97433.72667094586;82800.21959222852;80902.67182273546;104086.13928078799;98514.56297060441;91642.396253244;87293.52505210992;91488.66655566615;86998.79469971481;107586.15226168351;108372.91405774851;60872.9698406168;103536.06814947202;52610.792295128136;72984.04358835953;85571.91235114643;71920.75949031442;96418.93680844863;98567.11853607824;74022.19975989952;97846.31150620349;87355.0238868616;91578.88243920132;98055.34772391536;99108.96863875228;79337.90267594537;86076.67122791833;80224.3161626522;94823.31128021207;95834.0637876926;97609.11544355587;89490.29356431606;87982.08949475674;79481.03594315202;110400.93463064227;107415.92835766448;77887.4030373416;113434.31395352761;86487.27248712021;86680.69952646273;97922.51906942834;73329.61744933983;89178.49768744071;88376.06995560226;92105.80206583874;104147.27455597967;118386.51881905503;107265.12976501143;75195.42961410881;90223.88529869104;71342.42349835813;103782.7796638954;81974.80087335187;82912.242389178;89113.70571163483;101758.8023774777;82908.55621129986;83465.3985378253;98638.53819078002;74630.88555807648;99979.48639558261;88227.48261113121;103261.33849867407;88111.12469499244;90405.960950103;105968.16164469343;73704.97759563194;95789.54936432806;80646.4361135649;85691.90368442031;87923.63929995397;90589.25836099676;88999.9294333559;93105.70534121859;109868.76486750206;96377.61160286871;78783.27634746899;92120.73537368205;97406.71067172433;90547.19017932536;85324.71579790107;62332.85090631367;108267.362100051;78600.85448339011;94285.83288531742;84383.86991633498;96401.89320465294;94545.78620837544;88017.54130330647;84038.46019396222;91714.29428047784;84804.23187500115;100271.83673406558;87600.79161951237;79192.54919240114;73853.80607309211;75145.48373032652;101453.06632707162;85952.38625426605;88111.74762356696;83545.02451825925;97513.07239227794;95931.43629919007;102068.06183033207;99398.60858371835;98070.25025417816;108599.4188230565;88368.73882656795;108553.41463719725;94096.99440414636;100130.56049193887;78290.90300443106;106819.96797267176;78484.13791254931;112758.78059207136;92721.63167882948;108583.40751574367;83990.4357334651;88291.73181975022;91886.20877442774;88788.71731439898;96122.55037474775;61570.657938368175;94230.3137543731;83565.0386397938;105552.38629671361;86046.77851876605;128304.62034395087;86524.03132659223;93968.34887725371;96524.958838099;81098.89799851255;78271.70435152945;75384.28694987313;104250.59867295618;94515.30956323023;91334.63215995295;85887.69265018625;92041.25631174288;88753.85043878155;110901.63138283177;85903.42179432577;74415.98404570516;80750.02200009658;108947.14018871638;103402.9598571347;107072.44769632626;105126.83909876847;73190.47933984119;97713.20618158142;87322.87295533917;113830.77217703145;74993.64987697905;87185.89543900272;98730.07824482748;101285.90832565057;86258.04259184189;81533.39612084227;58541.552443366425;81499.68787494948;83556.60597269484;111605.78117900912;78794.86116777374;103793.1627181351;76892.85056882513;88811.79356889248;103509.68145529574;90091.41908701652;94680.21227778208;99053.59358090487;103981.38668195475;98607.86435175316;95504.90033429753;94506.31768783485;108009.21379106087;86102.63091984848;82957.2400663333;109510.74424893892;84701.86245873114;88483.57015096693;99303.85742745164;106677.59063609704;85045.97615124226;88354.0273635682;70376.44258147352;92367.50589639263;86396.72298300448;80693.46333700638;93849.42085724513;103522.70793765283;93255.72844278085;74565.21089027377;101539.75644650735;109923.24969270453;90077.2056695626;87564.75176031009;81732.86129941481;84776.53221518971;84033.89527762763;72372.55812994935;102935.65535880471;74196.34190627697;87521.64458853993;76590.74864260208;78726.07244613452;91022.51460656746;84397.81817699966;86370.79481877043;85713.02959495547;89471.11811832756;85356.09176603881;73100.58898213276;114202.72504500535;87588.62010375185;96477.43504258219;92364.06002648498;98812.74886160402;92294.11229061415;83774.78970026999;99367.28442821815;96279.42719215577;92329.21150945919;73763.32826941788;86534.07234713319;74173.62007104883;79147.28682209342;104681.2302136661;133059.74088345226;103733.9536306216;82953.70397389717;97960.75341361578;120491.31024738053;86172.07107406118;95820.23980980372;102493.00255409448;90704.25066309664;77610.02824520678;99104.15230992014;87990.63030700071;93477.40875180614;86832.88004520498;92632.56652897896;78245.23115777959;74390.77703011152;106481.24002931797;78859.80340953074;86755.43282152462;98165.79859568519;101641.04334462364;88015.4259933367;93663.53552730793;87890.77002430732;85941.17268931237;104571.81061901015;72686.07621455105;97833.82845975299;96136.42065045872;94747.41550914264;82826.15965775345;88819.5715329877;93490.17485397056;91441.89263970169;88615.3053250131;88769.67264978266;89341.15552800643;96165.82093864447;104328.33257628542;96912.68650524343;99378.27319421596;81316.58006670454;93734.27610392126;81286.00126017924;82699.1881505499;72969.18962173429;71613.19386334185;89027.56512796496;93438.44310937556;90858.2266102451;93966.24218052774;93795.31997092278;90604.8417625369;89546.28794639045;95078.86509551943;68152.92716638534;86272.57919789506;86257.49855671967;77816.53142227321;87190.74448117948;85003.44614010863;111607.91036013534;85806.87788405517;100322.35389722962;114542.03865856408;69324.6886722946;89974.26402442378;82790.8574742761;99081.95374078267;79929.98347493539;100663.43112762712;100897.90543680679;86014.9513396066;83865.0975438859;102854.64479697873;83078.09295940274;84674.0305742139;96538.47859194258;81468.89945195682;97882.89184305145;95702.72677425202;99629.06164875318;96653.13978047554;98346.49081637796;95522.54053413644;85386.17324294709;82920.90362187753;72623.5952467528;93728.72875371452;82133.37683815179;77303.02292716631;91352.2049873826;97728.44383557154;90901.65946099034;85076.6910925777;90255.55317992209;72688.39376069592;88342.93678129412;99216.89383285391;82110.69463060872;83917.86479767105;88384.93062772503;86105.78835816865;88366.12254305318;111967.02143562312;81550.82696221175;95997.33960271029;72085.90194447106;78725.76563856417;85555.4964399667;91319.6332508724;83038.52577666519;88003.26320284585;94225.34251009148;92406.07827633175;92638.86486380483;99954.4834821626;88795.43317752975;82878.63160336559;81079.25272808838;88787.79571128743;88920.33247078578;90394.77908268811;94950.99293929583;94994.23091650411;77871.40897984043;101606.30696188488;80325.75567786452;93210.91211183989;104511.58159831006;88016.11719869947;76117.6956942885;97753.33914232573;80042.93401606922;100896.09272758295;102729.40465239348;82305.5303488995;96726.17852489986;88108.96796396755;98803.59921176708;79638.09903285679;93915.34847853432;98941.16860386776;72897.79842644723;96065.42293457633;85806.45727442775;73732.08007972252;74965.53573600469;83346.59715637185;91998.74377350214;68054.42144073224;96654.70694924617;76954.55685311192;86081.64973542842;108829.97853263741;75405.58089652448;76777.86410184289;101452.38439168016;82678.29412021591;91275.9375444231;90908.12093214842;91770.54526125056;101747.53982661529;83907.90447036529;85836.34720177657;74277.61410586095;100942.04669002077;101619.22836150734;84702.7949754733;92992.40734881496;87593.89818937483;92378.35961709378;73750.93739573915;85913.49118021864;94905.05987734743;85097.06079943758;90001.06063440142;78431.55228313225;89706.4368021056;84081.57710190238;80431.41207017313;89408.70645091667;79801.21489908718;89622.44547056065;89439.85853472806;71415.61638240659;95500.25363842645;75987.32470415282;99151.14583521648;96276.53340293089;84651.73111317065;91211.64727975386;104472.14351851796;99612.50485087451;76351.42006527977;68478.11238471989;105703.91476130828;95186.563526705;107661.59182515426;68484.30501558467;89813.59844366579;98321.47323329438;88549.0931210272;71358.15868511406;93014.5533167051;97601.23883205999;68954.79520221587;85755.78808971701;83229.83290227508;97370.89781072353;77376.51125756964;108872.70050795624;72798.25510466068;94163.47145686581;90904.25363955957;76643.92571721619;107305.61012827838;81003.60610274895;81644.6019324716;85899.84460566883;82845.39989151746;87322.5681183761;80665.23352790887;108332.18903161932;74205.3799478878;87656.04613283213;87590.22233541531;89252.082933726;80143.90963314111;96051.1100079568;80122.62174736708;75301.2415499284;92888.424721038;88555.46291111619;100604.04600714288;102335.79086703766;98596.7632578511;81831.95399569755;58621.69090840472;89090.22298904258;89597.62468193841;72972.21261085835;98236.89651418301;90058.60461602718;111452.13072760572;70578.25583581574;77167.03949153278;71682.91389812318;81853.21691492427;93560.13962958974;74368.91172335288;77297.29923273722;72225.10429405789;78837.70905126355;73054.01059105954;89576.61522063041;118211.12448398737;78656.01349728042;88532.1671612974;97398.6602720803;111180.29581194386;84923.57515658192;100141.24174857928;95869.08959616776;96942.1271913592;84076.99396538359;69232.91629259907;88569.03592124625;89208.25531651928;62326.62147815547;94761.98777919795;100.0
